# REFDATA
# This data is reference data for 2QC
EXPOCODE,DATE,TIME,LATITUDE,LONGITUDE,CTDPRS,DEPTH,CTDTMP,THETA,SALNTY,OXYGEN,NITRAT,SILCAT,PHSPHT,TCARBN,ALKALI,CFC_11,CFC_12

49UP19980916,19980921,1304,50.01820,165.03600,0.00000,0.00000,9.67970,9.67970,32.63630,285.87000,14.96000,24.91570,1.31000,-9999.00000,-9999.00000,-9999.00000,-9999.00000
49UP19980916,19980921,1301,50.01820,165.03600,10.90000,11.00000,9.68300,9.68181,32.63580,292.69500,15.37000,24.66850,1.34000,-9999.00000,-9999.00000,-9999.00000,-9999.00000
49UP19980916,19980921,1300,50.01820,165.03600,24.70000,24.00000,9.46570,9.46304,32.64490,303.12800,19.36000,31.05450,1.61000,-9999.00000,-9999.00000,-9999.00000,-9999.00000
49UP19980916,19980921,1259,50.01820,165.03600,48.50000,48.00000,6.46960,6.46548,32.79440,301.86000,23.95000,37.98640,1.84000,-9999.00000,-9999.00000,-9999.00000,-9999.00000
49UP19980916,19980921,1257,50.01820,165.03600,74.40000,74.00000,3.70430,3.69957,32.97760,270.36700,27.25000,46.11310,2.04000,-9999.00000,-9999.00000,-9999.00000,-9999.00000
49UP19980916,19980921,1256,50.01820,165.03600,100.20000,99.00000,3.22250,3.21648,33.09720,135.03800,38.07000,74.96340,2.73000,-9999.00000,-9999.00000,-9999.00000,-9999.00000
49UP19980916,19980921,1255,50.01820,165.03600,125.80000,125.00000,3.16140,3.15379,33.50570,71.27250,42.81000,88.69330,3.03000,-9999.00000,-9999.00000,-9999.00000,-9999.00000
49UP19980916,19980921,1253,50.01820,165.03600,149.20000,148.00000,3.28760,3.27834,33.71670,53.68470,43.78760,94.91690,3.10253,-9999.00000,-9999.00000,-9999.00000,-9999.00000
49UP19980916,19980921,1251,50.01820,165.03600,200.00000,198.00000,3.47490,3.46203,33.90940,15.50250,45.91000,108.42800,3.26000,-9999.00000,-9999.00000,-9999.00000,-9999.00000
49UP19980916,19980921,1249,50.01820,165.03600,252.50000,250.00000,3.47250,3.45609,34.05880,14.33250,45.54000,115.07200,3.25000,-9999.00000,-9999.00000,-9999.00000,-9999.00000
49UP19980916,19980921,1247,50.01820,165.03600,301.80000,299.00000,3.45400,3.43427,34.14440,19.50000,44.59000,122.93000,3.18000,-9999.00000,-9999.00000,-9999.00000,-9999.00000
49UP19980916,19980921,1244,50.01820,165.03600,400.50000,397.00000,3.34000,3.31382,34.21700,19.59750,44.36000,129.32700,3.16000,-9999.00000,-9999.00000,-9999.00000,-9999.00000
49UP19980916,19980921,1241,50.01820,165.03600,503.40000,499.00000,3.23860,3.20563,34.27830,21.93750,44.01000,135.10500,3.14000,-9999.00000,-9999.00000,-9999.00000,-9999.00000
49UP19980916,19980921,1238,50.01820,165.03600,604.00000,598.00000,3.11530,3.07581,34.31860,20.57250,44.16000,141.86200,3.16000,-9999.00000,-9999.00000,-9999.00000,-9999.00000
49UP19980916,19980921,1235,50.01820,165.03600,704.70000,697.00000,2.94850,2.90275,34.36140,22.91250,44.03000,145.83800,3.15000,-9999.00000,-9999.00000,-9999.00000,-9999.00000
49UP19980916,19980921,1232,50.01820,165.03600,807.10000,799.00000,2.81940,2.76716,34.36450,23.79000,43.93000,151.09100,3.15000,-9999.00000,-9999.00000,-9999.00000,-9999.00000
49UP19980916,19980921,1228,50.01820,165.03600,907.30000,898.00000,2.67650,2.61798,34.42630,24.96000,43.80000,155.68400,3.14000,-9999.00000,-9999.00000,-9999.00000,-9999.00000
49UP19980916,19980921,1225,50.01820,165.03600,1008.50000,997.00000,2.54930,2.48433,34.49530,34.80750,43.14000,163.32700,3.09000,-9999.00000,-9999.00000,-9999.00000,-9999.00000
49UP19980916,19980921,1225,50.01820,165.03600,1011.90000,1001.00000,2.54890,2.48381,34.42360,-9999.00000,-9999.00000,-9999.00000,-9999.00000,-9999.00000,-9999.00000,-9999.00000,-9999.00000
49UP19980916,19980921,1219,50.01820,165.03600,1259.70000,1245.00000,2.27330,2.19235,34.49490,-9999.00000,-9999.00000,-9999.00000,-9999.00000,-9999.00000,-9999.00000,-9999.00000,-9999.00000
49UP19980916,19980921,1211,50.01820,165.03600,1513.40000,1495.00000,2.07890,1.98075,34.54330,49.04250,42.34000,166.32400,3.03000,-9999.00000,-9999.00000,-9999.00000,-9999.00000
49UP19980916,19980921,1207,50.01820,165.03600,1766.40000,1744.00000,1.94360,1.82727,34.56650,60.25500,41.67000,169.19800,2.97000,-9999.00000,-9999.00000,-9999.00000,-9999.00000
49UP19980916,19980921,1202,50.01820,165.03600,2029.90000,2003.00000,1.80580,1.66991,34.60580,74.19750,40.54000,171.14500,2.92000,-9999.00000,-9999.00000,-9999.00000,-9999.00000
49UP19980916,19980921,1950,48.98780,165.01900,0.00000,0.00000,10.05510,10.05510,32.58100,286.45500,16.06000,25.57490,1.40000,-9999.00000,-9999.00000,-9999.00000,-9999.00000
49UP19980916,19980921,1946,48.98780,165.01900,10.20000,10.00000,10.05150,10.05040,32.58020,287.13800,15.99000,25.45130,1.40000,-9999.00000,-9999.00000,-9999.00000,-9999.00000
49UP19980916,19980921,1944,48.98780,165.01900,25.00000,25.00000,9.76820,9.76546,32.58380,292.59800,16.26000,26.08990,1.42000,-9999.00000,-9999.00000,-9999.00000,-9999.00000
49UP19980916,19980921,1943,48.98780,165.01900,50.30000,50.00000,6.72430,6.71992,32.78940,302.44500,19.40000,31.26050,1.65000,-9999.00000,-9999.00000,-9999.00000,-9999.00000
49UP19980916,19980921,1941,48.98780,165.01900,75.90000,75.00000,2.99240,2.98801,32.98500,311.22000,24.50000,39.91250,1.91000,-9999.00000,-9999.00000,-9999.00000,-9999.00000
49UP19980916,19980921,2217,48.98780,165.01900,100.40000,99.00000,2.59510,2.58957,33.15950,253.58600,29.49700,51.87540,2.20463,-9999.00000,-9999.00000,-9999.00000,-9999.00000
49UP19980916,19980921,2218,48.98780,165.01900,100.80000,100.00000,2.56890,2.56338,33.09970,252.03800,29.58000,52.11800,2.21000,-9999.00000,-9999.00000,-9999.00000,-9999.00000
49UP19980916,19980921,1940,48.98780,165.01900,100.80000,100.00000,2.61690,2.61133,33.16320,252.03800,29.58000,52.11800,2.21000,-9999.00000,-9999.00000,-9999.00000,-9999.00000
49UP19980916,19980921,2217,48.98780,165.01900,100.80000,100.00000,2.56250,2.55699,33.10080,252.03800,29.58000,52.11800,2.21000,-9999.00000,-9999.00000,-9999.00000,-9999.00000
49UP19980916,19980921,1938,48.98780,165.01900,125.30000,124.00000,3.26150,3.25378,33.67270,91.69030,41.84700,84.55100,2.95651,-9999.00000,-9999.00000,-9999.00000,-9999.00000
49UP19980916,19980921,1938,48.98780,165.01900,126.20000,125.00000,3.26620,3.25842,33.67370,85.80000,42.04000,85.16040,2.97000,-9999.00000,-9999.00000,-9999.00000,-9999.00000
49UP19980916,19980921,1936,48.98780,165.01900,150.80000,149.00000,3.45940,3.44980,33.82870,43.77750,44.66000,95.20290,3.16000,-9999.00000,-9999.00000,-9999.00000,-9999.00000
49UP19980916,19980921,1934,48.98780,165.01900,201.60000,200.00000,3.45800,3.44505,33.93080,23.40000,46.43000,104.29800,3.25000,-9999.00000,-9999.00000,-9999.00000,-9999.00000
49UP19980916,19980921,1932,48.98780,165.01900,250.50000,248.00000,3.47190,3.45565,34.00430,20.28000,46.37000,109.96300,3.23000,-9999.00000,-9999.00000,-9999.00000,-9999.00000
49UP19980916,19980921,2211,48.98780,165.01900,290.30000,288.00000,3.43900,3.42012,34.06000,20.30250,46.09580,113.89100,3.23159,-9999.00000,-9999.00000,-9999.00000,-9999.00000
49UP19980916,19980921,2211,48.98780,165.01900,291.00000,288.00000,3.44410,3.42517,34.04760,20.29910,46.09140,113.95800,3.23156,-9999.00000,-9999.00000,-9999.00000,-9999.00000
49UP19980916,19980921,2212,48.98780,165.01900,291.10000,288.00000,3.44250,3.42357,34.04990,20.29850,46.09070,113.96800,3.23155,-9999.00000,-9999.00000,-9999.00000,-9999.00000
49UP19980916,19980921,1930,48.98780,165.01900,301.80000,299.00000,3.43600,3.41636,34.06130,20.18250,46.03000,114.97900,3.23000,-9999.00000,-9999.00000,-9999.00000,-9999.00000
49UP19980916,19980921,1927,48.98780,165.01900,403.30000,399.00000,3.35510,3.32871,34.16670,17.84250,45.59000,123.85700,3.18000,-9999.00000,-9999.00000,-9999.00000,-9999.00000
49UP19980916,19980921,2203,48.98780,165.01900,503.30000,498.00000,3.22300,3.19014,34.23290,17.94120,44.92290,130.31000,3.17000,-9999.00000,-9999.00000,-9999.00000,-9999.00000
49UP19980916,19980921,1925,48.98780,165.01900,504.00000,499.00000,3.23040,3.19747,34.23010,17.94000,44.92000,130.35700,3.17000,-9999.00000,-9999.00000,-9999.00000,-9999.00000
49UP19980916,19980921,2204,48.98780,165.01900,504.10000,499.00000,3.22620,3.19328,34.22500,17.93980,44.91960,130.36300,3.17000,-9999.00000,-9999.00000,-9999.00000,-9999.00000
49UP19980916,19980921,2203,48.98780,165.01900,504.70000,500.00000,3.22870,3.19573,34.22340,17.93870,44.91720,130.40400,3.17000,-9999.00000,-9999.00000,-9999.00000,-9999.00000
49UP19980916,19980921,2204,48.98780,165.01900,504.80000,500.00000,3.22620,3.19323,34.22330,17.93850,44.91680,130.41000,3.17000,-9999.00000,-9999.00000,-9999.00000,-9999.00000
49UP19980916,19980921,2205,48.98780,165.01900,504.80000,500.00000,3.22540,3.19243,34.22560,17.93850,44.91680,130.41000,3.17000,-9999.00000,-9999.00000,-9999.00000,-9999.00000
49UP19980916,19980921,1922,48.98780,165.01900,604.30000,598.00000,3.07560,3.03632,34.28680,17.35500,45.00000,137.24700,3.17000,-9999.00000,-9999.00000,-9999.00000,-9999.00000
49UP19980916,19980921,1919,48.98780,165.01900,705.50000,698.00000,2.92630,2.88065,34.33230,20.28000,44.63000,142.53100,3.17000,-9999.00000,-9999.00000,-9999.00000,-9999.00000
49UP19980916,19980921,1916,48.98780,165.01900,807.10000,799.00000,2.78890,2.73685,34.37060,20.37750,44.95000,148.15500,3.16000,-9999.00000,-9999.00000,-9999.00000,-9999.00000
49UP19980916,19980921,1913,48.98780,165.01900,908.30000,899.00000,2.64530,2.58696,34.40820,25.05750,44.72000,152.14100,3.14000,-9999.00000,-9999.00000,-9999.00000,-9999.00000
49UP19980916,19980921,2150,48.98780,165.01900,1008.80000,998.00000,2.49020,2.42576,34.44590,26.98510,44.56140,156.43900,3.13007,-9999.00000,-9999.00000,-9999.00000,-9999.00000
49UP19980916,19980921,1909,48.98780,165.01900,1009.50000,999.00000,2.52160,2.45688,34.43790,27.00750,44.56000,156.46700,3.13000,-9999.00000,-9999.00000,-9999.00000,-9999.00000
49UP19980916,19980921,2151,48.98780,165.01900,1009.60000,999.00000,2.49510,2.43058,34.43800,27.01070,44.55980,156.47100,3.12999,-9999.00000,-9999.00000,-9999.00000,-9999.00000
49UP19980916,19980921,2150,48.98780,165.01900,1009.60000,999.00000,2.49430,2.42978,34.43860,27.01070,44.55980,156.47100,3.12999,-9999.00000,-9999.00000,-9999.00000,-9999.00000
49UP19980916,19980921,2151,48.98780,165.01900,1010.20000,999.00000,2.49440,2.42984,34.43860,27.03000,44.55860,156.49600,3.12993,-9999.00000,-9999.00000,-9999.00000,-9999.00000
49UP19980916,19980921,2152,48.98780,165.01900,1010.60000,1000.00000,2.49440,2.42981,34.43950,27.04290,44.55770,156.51200,3.12988,-9999.00000,-9999.00000,-9999.00000,-9999.00000
49UP19980916,19980921,1901,48.98780,165.01900,1263.20000,1249.00000,2.24200,2.16108,34.50400,37.14750,43.86000,164.12000,3.10000,-9999.00000,-9999.00000,-9999.00000,-9999.00000
49UP19980916,19980921,1855,48.98780,165.01900,1513.10000,1495.00000,2.03840,1.94072,34.55420,51.18750,42.92000,167.30300,3.03000,-9999.00000,-9999.00000,-9999.00000,-9999.00000
49UP19980916,19980921,1844,48.98780,165.01900,1765.70000,1743.00000,1.89360,1.77795,34.58740,66.22920,41.94000,168.04000,2.96013,-9999.00000,-9999.00000,-9999.00000,-9999.00000
49UP19980916,19980921,2128,48.98780,165.01900,2028.50000,2002.00000,1.78230,1.64686,34.61390,82.21240,40.91070,167.31800,2.88765,-9999.00000,-9999.00000,-9999.00000,-9999.00000
49UP19980916,19980921,2129,48.98780,165.01900,2028.80000,2002.00000,1.78490,1.64943,34.60320,82.23100,40.90950,167.31600,2.88757,-9999.00000,-9999.00000,-9999.00000,-9999.00000
49UP19980916,19980921,2129,48.98780,165.01900,2029.10000,2002.00000,1.78600,1.65050,34.60060,82.24960,40.90830,167.31400,2.88749,-9999.00000,-9999.00000,-9999.00000,-9999.00000
49UP19980916,19980921,2130,48.98780,165.01900,2029.10000,2002.00000,1.78500,1.64950,34.60540,82.24960,40.90830,167.31400,2.88749,-9999.00000,-9999.00000,-9999.00000,-9999.00000
49UP19980916,19980921,2131,48.98780,165.01900,2029.60000,2003.00000,1.78500,1.64946,34.60630,82.28060,40.90630,167.31100,2.88735,-9999.00000,-9999.00000,-9999.00000,-9999.00000
49UP19980916,19980921,2130,48.98780,165.01900,2029.70000,2003.00000,1.78490,1.64935,34.60550,82.28680,40.90590,167.31100,2.88732,-9999.00000,-9999.00000,-9999.00000,-9999.00000
49UP19980916,19980921,2130,48.98780,165.01900,2029.70000,2003.00000,1.78590,1.65034,34.60300,82.28680,40.90590,167.31100,2.88732,-9999.00000,-9999.00000,-9999.00000,-9999.00000
49UP19980916,19980921,1831,48.98780,165.01900,2056.40000,2029.00000,1.75720,1.61983,34.61630,83.94750,40.80000,167.13800,2.88000,-9999.00000,-9999.00000,-9999.00000,-9999.00000
49UP19980916,19980923,1918,40.01820,165.04300,0.00000,0.00000,23.07530,23.07530,34.11690,215.86500,0.06000,1.84370,0.03000,-9999.00000,-9999.00000,-9999.00000,-9999.00000
49UP19980916,19980923,1916,40.01820,165.04300,9.70000,10.00000,23.07160,23.06960,34.12080,215.57200,0.03000,1.88490,0.04000,-9999.00000,-9999.00000,-9999.00000,-9999.00000
49UP19980916,19980923,1915,40.01820,165.04300,25.40000,25.00000,23.05830,23.05310,34.11800,218.30300,0.04000,1.94670,0.03000,-9999.00000,-9999.00000,-9999.00000,-9999.00000
49UP19980916,19980923,1913,40.01820,165.04300,49.70000,49.00000,16.74980,16.74180,34.33000,-9999.00000,0.00000,4.95430,0.09000,-9999.00000,-9999.00000,-9999.00000,-9999.00000
49UP19980916,19980923,1911,40.01820,165.04300,74.50000,74.00000,12.81080,12.80080,34.27050,259.35000,7.28000,11.59780,0.58000,-9999.00000,-9999.00000,-9999.00000,-9999.00000
49UP19980916,19980923,1909,40.01820,165.04300,100.40000,100.00000,11.30640,11.29400,34.28400,242.58000,11.65000,14.96590,0.77000,-9999.00000,-9999.00000,-9999.00000,-9999.00000
49UP19980916,19980923,1908,40.01820,165.04300,124.90000,124.00000,10.69830,10.68340,34.26320,236.14500,12.84000,16.97440,0.86000,-9999.00000,-9999.00000,-9999.00000,-9999.00000
49UP19980916,19980923,1906,40.01820,165.04300,150.50000,149.00000,10.40260,10.38490,34.25890,228.93000,14.06000,19.62150,0.94000,-9999.00000,-9999.00000,-9999.00000,-9999.00000
49UP19980916,19980923,1903,40.01820,165.04300,200.70000,199.00000,9.23140,9.20949,34.13360,232.92800,15.51000,22.79390,1.05000,-9999.00000,-9999.00000,-9999.00000,-9999.00000
49UP19980916,19980923,1859,40.01820,165.04300,251.30000,249.00000,8.33590,8.31011,34.03530,234.19500,16.49000,24.79210,1.13000,-9999.00000,-9999.00000,-9999.00000,-9999.00000
49UP19980916,19980923,1857,40.01820,165.04300,301.60000,299.00000,7.80790,7.77805,34.01330,211.96500,20.17000,32.65100,1.39000,-9999.00000,-9999.00000,-9999.00000,-9999.00000
49UP19980916,19980923,1853,40.01820,165.04300,403.20000,400.00000,5.89750,5.86322,33.94700,153.17300,29.01000,56.82510,2.05000,-9999.00000,-9999.00000,-9999.00000,-9999.00000
49UP19980916,19980923,1849,40.01820,165.04300,504.50000,500.00000,4.90510,4.86569,33.98640,112.90500,34.44000,75.82860,2.44000,-9999.00000,-9999.00000,-9999.00000,-9999.00000
49UP19980916,19980923,1845,40.01820,165.04300,603.80000,598.00000,4.59860,4.55233,34.08260,86.89870,37.09230,89.91510,2.64479,-9999.00000,-9999.00000,-9999.00000,-9999.00000
49UP19980916,19980923,1841,40.01820,165.04300,703.30000,697.00000,4.08200,4.03033,34.14810,60.84000,39.75000,104.03000,2.85000,-9999.00000,-9999.00000,-9999.00000,-9999.00000
49UP19980916,19980923,1838,40.01820,165.04300,806.50000,799.00000,3.81920,3.76085,34.23450,48.06750,40.91000,115.12300,2.94000,-9999.00000,-9999.00000,-9999.00000,-9999.00000
49UP19980916,19980923,1834,40.01820,165.04300,907.20000,898.00000,3.56010,3.49552,34.28440,40.07250,41.69000,123.84700,3.03000,-9999.00000,-9999.00000,-9999.00000,-9999.00000
49UP19980916,19980923,1830,40.01820,165.04300,1006.70000,997.00000,3.28190,3.21156,34.33180,39.22390,42.10080,131.59300,3.05940,-9999.00000,-9999.00000,-9999.00000,-9999.00000
49UP19980916,19980923,1830,40.01820,165.04300,1010.00000,1000.00000,3.28090,3.21033,34.32430,39.19500,42.11000,131.83000,3.06000,-9999.00000,-9999.00000,-9999.00000,-9999.00000
49UP19980916,19980923,1750,40.01820,165.04300,1259.60000,1246.00000,2.78300,2.69718,34.43590,36.95250,42.58000,146.76500,3.10000,-9999.00000,-9999.00000,-9999.00000,-9999.00000
49UP19980916,19980923,1745,40.01820,165.04300,1511.70000,1495.00000,2.39000,2.28845,34.50290,47.28750,42.47000,157.59000,3.09000,-9999.00000,-9999.00000,-9999.00000,-9999.00000
49UP19980916,19980923,1741,40.01820,165.04300,1764.20000,1743.00000,2.14540,2.02657,34.54860,53.33250,42.00000,163.18300,3.04000,-9999.00000,-9999.00000,-9999.00000,-9999.00000
49UP19980916,19980923,1737,40.01820,165.04300,2043.30000,2018.00000,1.94470,1.80562,34.58320,68.73750,41.15000,165.84000,2.97000,-9999.00000,-9999.00000,-9999.00000,-9999.00000
49UP19980916,19980924,0225,39.02130,165.01400,0.00000,0.00000,23.73370,23.73370,34.14140,213.42800,0.03000,2.64710,0.07000,-9999.00000,-9999.00000,-9999.00000,-9999.00000
49UP19980916,19980924,0225,39.02130,165.01400,7.50000,7.00000,23.73620,23.73460,34.16160,213.42800,0.01000,2.00850,0.06000,-9999.00000,-9999.00000,-9999.00000,-9999.00000
49UP19980916,19980924,0224,39.02130,165.01400,23.80000,24.00000,23.73560,23.73070,34.15940,217.32700,0.02000,2.12180,0.05000,-9999.00000,-9999.00000,-9999.00000,-9999.00000
49UP19980916,19980924,0223,39.02130,165.01400,49.40000,49.00000,15.99860,15.99090,34.33820,-9999.00000,0.20000,4.31570,0.13000,-9999.00000,-9999.00000,-9999.00000,-9999.00000
49UP19980916,19980924,0222,39.02130,165.01400,74.70000,74.00000,13.17140,13.16110,34.35250,243.36000,8.13000,10.49570,0.59000,-9999.00000,-9999.00000,-9999.00000,-9999.00000
49UP19980916,19980924,0501,39.02130,165.01400,99.40000,99.00000,13.14610,13.13240,34.48480,229.50500,11.18030,13.53440,0.73636,-9999.00000,-9999.00000,-9999.00000,-9999.00000
49UP19980916,19980924,0220,39.02130,165.01400,100.40000,100.00000,12.21400,12.20090,34.36990,229.32000,11.22000,13.61660,0.74000,-9999.00000,-9999.00000,-9999.00000,-9999.00000
49UP19980916,19980924,0501,39.02130,165.01400,101.00000,100.00000,13.12960,13.11570,34.47030,229.24400,11.24100,13.66480,0.74214,-9999.00000,-9999.00000,-9999.00000,-9999.00000
49UP19980916,19980924,0502,39.02130,165.01400,102.10000,101.00000,13.13720,13.12320,34.47060,229.10300,11.27940,13.75350,0.74613,-9999.00000,-9999.00000,-9999.00000,-9999.00000
49UP19980916,19980924,0219,39.02130,165.01400,123.00000,122.00000,11.62520,11.60960,34.34060,228.73500,11.85000,15.13070,0.81000,-9999.00000,-9999.00000,-9999.00000,-9999.00000
49UP19980916,19980924,0218,39.02130,165.01400,150.60000,149.00000,11.15100,11.13250,34.31410,235.07200,12.18000,15.89290,0.83000,-9999.00000,-9999.00000,-9999.00000,-9999.00000
49UP19980916,19980924,0216,39.02130,165.01400,201.30000,200.00000,10.22020,10.19670,34.23550,241.89800,13.01000,17.95290,0.90000,-9999.00000,-9999.00000,-9999.00000,-9999.00000
49UP19980916,19980924,0456,39.02130,165.01400,202.00000,200.00000,10.42530,10.40140,34.26700,241.94800,13.01990,17.97590,0.90075,-9999.00000,-9999.00000,-9999.00000,-9999.00000
49UP19980916,19980924,0457,39.02130,165.01400,203.80000,202.00000,10.31640,10.29250,34.25330,242.07400,13.04280,18.02870,0.90253,-9999.00000,-9999.00000,-9999.00000,-9999.00000
49UP19980916,19980924,0457,39.02130,165.01400,205.30000,204.00000,10.32020,10.29610,34.25270,242.17500,13.05930,18.06590,0.90385,-9999.00000,-9999.00000,-9999.00000,-9999.00000
49UP19980916,19980924,0214,39.02130,165.01400,250.70000,249.00000,9.60580,9.57765,34.17530,244.23800,13.15000,18.12800,0.92000,-9999.00000,-9999.00000,-9999.00000,-9999.00000
49UP19980916,19980924,0212,39.02130,165.01400,301.50000,299.00000,9.00030,8.96773,34.10560,244.62800,14.74000,21.32100,1.02000,-9999.00000,-9999.00000,-9999.00000,-9999.00000
49UP19980916,19980924,0159,39.02130,165.01400,403.50000,400.00000,7.44040,7.40130,34.02230,182.32500,23.61000,40.78800,1.64000,-9999.00000,-9999.00000,-9999.00000,-9999.00000
49UP19980916,19980924,0156,39.02130,165.01400,502.90000,498.00000,5.62010,5.57803,33.98470,133.96500,31.32000,64.23080,2.23000,-9999.00000,-9999.00000,-9999.00000,-9999.00000
49UP19980916,19980924,0447,39.02130,165.01400,503.60000,499.00000,5.75520,5.71255,33.98350,133.67200,31.36560,64.36680,2.23393,-9999.00000,-9999.00000,-9999.00000,-9999.00000
49UP19980916,19980924,0447,39.02130,165.01400,505.90000,501.00000,5.73110,5.68835,33.97580,132.71300,31.51350,64.81200,2.24659,-9999.00000,-9999.00000,-9999.00000,-9999.00000
49UP19980916,19980924,0448,39.02130,165.01400,509.20000,505.00000,5.70670,5.66375,33.97770,131.34600,31.72060,65.44720,2.26412,-9999.00000,-9999.00000,-9999.00000,-9999.00000
49UP19980916,19980924,0449,39.02130,165.01400,509.70000,505.00000,5.69300,5.65006,33.98060,131.14000,31.75150,65.54300,2.26671,-9999.00000,-9999.00000,-9999.00000,-9999.00000
49UP19980916,19980924,0448,39.02130,165.01400,510.60000,506.00000,5.69160,5.64858,33.98050,130.76900,31.80670,65.71530,2.27133,-9999.00000,-9999.00000,-9999.00000,-9999.00000
49UP19980916,19980924,0153,39.02130,165.01400,606.60000,601.00000,4.68590,4.63905,34.01930,95.94000,36.01000,82.66780,2.58000,-9999.00000,-9999.00000,-9999.00000,-9999.00000
49UP19980916,19980924,0150,39.02130,165.01400,707.20000,701.00000,4.20350,4.15090,34.10990,68.73750,39.00000,98.74610,2.81000,-9999.00000,-9999.00000,-9999.00000,-9999.00000
49UP19980916,19980924,0146,39.02130,165.01400,808.10000,800.00000,3.93090,3.87173,34.22530,52.06500,40.42000,111.76500,2.93000,-9999.00000,-9999.00000,-9999.00000,-9999.00000
49UP19980916,19980924,0143,39.02130,165.01400,908.90000,900.00000,3.58060,3.51575,34.27700,42.12000,41.49000,122.34300,3.03000,-9999.00000,-9999.00000,-9999.00000,-9999.00000
49UP19980916,19980924,0434,39.02130,165.01400,1008.20000,998.00000,3.35560,3.28459,34.32170,37.66130,42.02650,131.16200,3.07975,-9999.00000,-9999.00000,-9999.00000,-9999.00000
49UP19980916,19980924,0140,39.02130,165.01400,1009.10000,999.00000,3.29580,3.22517,34.33060,37.63500,42.03000,131.23200,3.08000,-9999.00000,-9999.00000,-9999.00000,-9999.00000
49UP19980916,19980924,0435,39.02130,165.01400,1011.80000,1002.00000,3.35330,3.28203,34.31560,37.55630,42.04060,131.44200,3.08076,-9999.00000,-9999.00000,-9999.00000,-9999.00000
49UP19980916,19980924,0435,39.02130,165.01400,1014.20000,1004.00000,3.34920,3.27778,34.31320,37.48630,42.05000,131.62800,3.08143,-9999.00000,-9999.00000,-9999.00000,-9999.00000
49UP19980916,19980924,0436,39.02130,165.01400,1015.60000,1005.00000,3.34640,3.27489,34.31660,37.44550,42.05550,131.73600,3.08182,-9999.00000,-9999.00000,-9999.00000,-9999.00000
49UP19980916,19980924,0436,39.02130,165.01400,1017.70000,1008.00000,3.34060,3.26897,34.31560,37.38410,42.06380,131.89700,3.08240,-9999.00000,-9999.00000,-9999.00000,-9999.00000
49UP19980916,19980924,0134,39.02130,165.01400,1261.10000,1248.00000,2.80340,2.71728,34.42810,33.93000,42.73000,146.12600,3.12000,-9999.00000,-9999.00000,-9999.00000,-9999.00000
49UP19980916,19980924,0129,39.02130,165.01400,1515.00000,1498.00000,2.41310,2.31104,34.49470,42.78510,42.58270,155.39800,3.10344,-9999.00000,-9999.00000,-9999.00000,-9999.00000
49UP19980916,19980924,0124,39.02130,165.01400,1769.90000,1749.00000,2.17340,2.05375,34.54230,51.67500,42.06000,161.71000,3.06000,-9999.00000,-9999.00000,-9999.00000,-9999.00000
49UP19980916,19980924,0118,39.02130,165.01400,2031.40000,2006.00000,1.98450,1.84581,34.57950,65.32500,41.24000,164.37800,2.98000,-9999.00000,-9999.00000,-9999.00000,-9999.00000
49UP19980916,19980924,0416,39.02130,165.01400,2036.70000,2012.00000,2.00020,1.86086,34.56850,-9999.00000,-9999.00000,-9999.00000,-9999.00000,-9999.00000,-9999.00000,-9999.00000,-9999.00000
49UP19980916,19980924,0415,39.02130,165.01400,2037.00000,2012.00000,2.00000,1.86064,34.56890,-9999.00000,-9999.00000,-9999.00000,-9999.00000,-9999.00000,-9999.00000,-9999.00000,-9999.00000
49UP19980916,19980924,0415,39.02130,165.01400,2038.80000,2014.00000,1.99990,1.86039,34.56850,-9999.00000,-9999.00000,-9999.00000,-9999.00000,-9999.00000,-9999.00000,-9999.00000,-9999.00000
49UP19980916,19980924,0414,39.02130,165.01400,2042.70000,2017.00000,1.99880,1.85898,34.56880,-9999.00000,-9999.00000,-9999.00000,-9999.00000,-9999.00000,-9999.00000,-9999.00000,-9999.00000
49UP19980916,19980924,0413,39.02130,165.01400,2045.40000,2020.00000,1.99750,1.85747,34.56860,-9999.00000,-9999.00000,-9999.00000,-9999.00000,-9999.00000,-9999.00000,-9999.00000,-9999.00000
49UP19980916,19980924,0413,39.02130,165.01400,2046.80000,2021.00000,1.99710,1.85696,34.56840,-9999.00000,-9999.00000,-9999.00000,-9999.00000,-9999.00000,-9999.00000,-9999.00000,-9999.00000
49UP19980916,19980924,0412,39.02130,165.01400,2048.80000,2023.00000,1.99420,1.85389,34.58040,-9999.00000,-9999.00000,-9999.00000,-9999.00000,-9999.00000,-9999.00000,-9999.00000,-9999.00000
49UP19980916,19980924,1150,37.96600,165.00200,0.00000,0.00000,23.21330,23.21330,34.15090,215.57200,0.08000,2.24540,0.05000,-9999.00000,-9999.00000,-9999.00000,-9999.00000
49UP19980916,19980924,1148,37.96600,165.00200,10.00000,10.00000,23.20490,23.20290,34.15530,214.69500,0.00000,2.14240,0.04000,-9999.00000,-9999.00000,-9999.00000,-9999.00000
49UP19980916,19980924,1146,37.96600,165.00200,25.40000,25.00000,23.21990,23.21470,34.15240,217.81500,0.03000,2.15270,0.03000,-9999.00000,-9999.00000,-9999.00000,-9999.00000
49UP19980916,19980924,1145,37.96600,165.00200,50.60000,50.00000,16.99810,16.98980,34.50920,258.37500,0.15000,5.87100,0.12000,-9999.00000,-9999.00000,-9999.00000,-9999.00000
49UP19980916,19980924,1144,37.96600,165.00200,75.00000,74.00000,15.04810,15.03680,34.55580,198.31500,9.39000,11.70080,0.61000,-9999.00000,-9999.00000,-9999.00000,-9999.00000
49UP19980916,19980924,1142,37.96600,165.00200,99.60000,99.00000,13.90130,13.88710,34.52680,201.53300,11.08000,14.13160,0.71000,-9999.00000,-9999.00000,-9999.00000,-9999.00000
49UP19980916,19980924,1141,37.96600,165.00200,126.60000,126.00000,12.89430,12.87710,34.46470,199.77700,12.63000,16.55210,0.83000,-9999.00000,-9999.00000,-9999.00000,-9999.00000
49UP19980916,19980924,1139,37.96600,165.00200,151.10000,150.00000,11.92320,11.90370,34.39080,206.21200,13.76000,19.11680,0.91000,-9999.00000,-9999.00000,-9999.00000,-9999.00000
49UP19980916,19980924,1137,37.96600,165.00200,200.70000,199.00000,10.82590,10.80160,34.32250,220.44700,14.07000,19.78630,0.94000,-9999.00000,-9999.00000,-9999.00000,-9999.00000
49UP19980916,19980924,1135,37.96600,165.00200,252.80000,251.00000,9.52910,9.50085,34.17890,223.17800,15.55000,23.30890,1.07000,-9999.00000,-9999.00000,-9999.00000,-9999.00000
49UP19980916,19980924,1133,37.96600,165.00200,301.30000,299.00000,8.10690,8.07640,34.01090,221.81200,18.94000,30.01420,1.32000,-9999.00000,-9999.00000,-9999.00000,-9999.00000
49UP19980916,19980924,1130,37.96600,165.00200,404.40000,401.00000,6.54410,6.50773,33.91980,187.00500,24.75000,44.60930,1.75000,-9999.00000,-9999.00000,-9999.00000,-9999.00000
49UP19980916,19980924,1127,37.96600,165.00200,504.00000,500.00000,5.07130,5.03129,33.96760,122.46000,33.36000,71.64680,2.38000,-9999.00000,-9999.00000,-9999.00000,-9999.00000
49UP19980916,19980924,1124,37.96600,165.00200,604.60000,599.00000,4.48840,4.44260,34.06040,83.07000,37.44000,89.59970,2.68000,-9999.00000,-9999.00000,-9999.00000,-9999.00000
49UP19980916,19980924,1122,37.96600,165.00200,703.80000,697.00000,4.14530,4.09323,34.15680,61.91250,39.61000,103.59700,2.84000,-9999.00000,-9999.00000,-9999.00000,-9999.00000
49UP19980916,19980924,1119,37.96600,165.00200,807.10000,800.00000,3.80860,3.75027,34.23480,47.77500,41.05000,115.65900,2.95000,-9999.00000,-9999.00000,-9999.00000,-9999.00000
49UP19980916,19980924,1058,37.96600,165.00200,907.50000,899.00000,3.49130,3.42715,34.30360,39.58500,41.88000,125.79400,3.02000,-9999.00000,-9999.00000,-9999.00000,-9999.00000
49UP19980916,19980924,1055,37.96600,165.00200,1012.00000,1002.00000,3.17240,3.10250,34.34190,35.78250,42.47000,135.52700,3.07000,-9999.00000,-9999.00000,-9999.00000,-9999.00000
49UP19980916,19980924,1050,37.96600,165.00200,1261.10000,1248.00000,2.73530,2.64984,34.43340,36.66000,42.70000,148.39200,3.10000,-9999.00000,-9999.00000,-9999.00000,-9999.00000
49UP19980916,19980924,1044,37.96600,165.00200,1514.90000,1498.00000,2.38260,2.28089,34.49820,45.07580,42.43620,157.28900,3.07978,-9999.00000,-9999.00000,-9999.00000,-9999.00000
49UP19980916,19980924,1040,37.96600,165.00200,1763.90000,1743.00000,2.12890,2.01032,34.54910,53.33250,41.99000,163.68800,3.04000,-9999.00000,-9999.00000,-9999.00000,-9999.00000
49UP19980916,19980924,1035,37.96600,165.00200,2028.10000,2003.00000,1.93850,1.80077,34.58800,67.95750,41.21000,165.60300,2.97000,-9999.00000,-9999.00000,-9999.00000,-9999.00000
49UP19980916,19980924,1812,36.98380,164.98200,0.00000,0.00000,23.64320,23.64320,34.02740,214.50000,0.04000,1.87460,0.05000,-9999.00000,-9999.00000,-9999.00000,-9999.00000
49UP19980916,19980924,1810,36.98380,164.98200,11.40000,11.00000,23.65090,23.64850,34.08990,212.94000,0.00000,2.12180,0.04000,-9999.00000,-9999.00000,-9999.00000,-9999.00000
49UP19980916,19980924,1808,36.98380,164.98200,24.80000,25.00000,23.65370,23.64860,34.09850,215.76800,0.02000,2.00850,0.04000,-9999.00000,-9999.00000,-9999.00000,-9999.00000
49UP19980916,19980924,1806,36.98380,164.98200,51.20000,51.00000,20.66810,20.65850,34.31010,236.92500,0.02000,2.81190,0.05000,-9999.00000,-9999.00000,-9999.00000,-9999.00000
49UP19980916,19980924,1803,36.98380,164.98200,74.00000,73.00000,15.44470,15.43330,34.54470,227.66300,5.27000,9.28030,0.40000,-9999.00000,-9999.00000,-9999.00000,-9999.00000
49UP19980916,19980924,1801,36.98380,164.98200,98.80000,98.00000,14.20670,14.19240,34.53810,210.11300,9.71000,11.82440,0.62000,-9999.00000,-9999.00000,-9999.00000,-9999.00000
49UP19980916,19980924,1759,36.98380,164.98200,124.70000,124.00000,13.47270,13.45530,34.51190,210.89300,10.61000,12.86470,0.68000,-9999.00000,-9999.00000,-9999.00000,-9999.00000
49UP19980916,19980924,1756,36.98380,164.98200,151.50000,150.00000,12.90240,12.88180,34.47120,209.62500,11.73000,14.71870,0.76000,-9999.00000,-9999.00000,-9999.00000,-9999.00000
49UP19980916,19980924,1754,36.98380,164.98200,198.50000,197.00000,11.66880,11.64350,34.37600,215.37800,13.16000,17.93230,0.88000,-9999.00000,-9999.00000,-9999.00000,-9999.00000
49UP19980916,19980924,1751,36.98380,164.98200,252.90000,251.00000,10.30710,10.27740,34.25940,214.40200,14.90000,21.59910,1.00000,-9999.00000,-9999.00000,-9999.00000,-9999.00000
49UP19980916,19980924,1748,36.98380,164.98200,303.40000,301.00000,9.13690,9.10381,34.12770,219.96000,17.03000,25.97660,1.17000,-9999.00000,-9999.00000,-9999.00000,-9999.00000
49UP19980916,19980924,1745,36.98380,164.98200,404.60000,401.00000,6.95670,6.91902,33.94800,195.09800,22.99000,40.06700,1.62000,-9999.00000,-9999.00000,-9999.00000,-9999.00000
49UP19980916,19980924,1741,36.98380,164.98200,506.30000,502.00000,5.39910,5.35763,33.95390,134.84200,31.50000,65.18870,2.24000,-9999.00000,-9999.00000,-9999.00000,-9999.00000
49UP19980916,19980924,1738,36.98380,164.98200,606.60000,601.00000,4.65800,4.61127,34.02890,93.99000,36.05000,83.59480,2.57000,-9999.00000,-9999.00000,-9999.00000,-9999.00000
49UP19980916,19980924,1735,36.98380,164.98200,704.10000,698.00000,4.21660,4.16416,34.11770,68.54250,38.79000,98.41650,2.79000,-9999.00000,-9999.00000,-9999.00000,-9999.00000
49UP19980916,19980924,1730,36.98380,164.98200,808.90000,801.00000,3.84010,3.78148,34.19930,49.62750,40.59000,112.17700,2.92000,-9999.00000,-9999.00000,-9999.00000,-9999.00000
49UP19980916,19980924,1727,36.98380,164.98200,909.90000,901.00000,3.68170,3.61605,34.28260,44.84810,41.25330,121.83400,2.99259,-9999.00000,-9999.00000,-9999.00000,-9999.00000
49UP19980916,19980924,1720,36.98380,164.98200,1006.70000,997.00000,3.34610,3.27525,34.33890,40.26750,41.69000,129.44000,3.04000,-9999.00000,-9999.00000,-9999.00000,-9999.00000
49UP19980916,19980924,1715,36.98380,164.98200,1262.40000,1249.00000,2.77350,2.68756,34.43520,36.17250,42.46000,146.28100,3.09000,-9999.00000,-9999.00000,-9999.00000,-9999.00000
49UP19980916,19980924,1707,36.98380,164.98200,1512.70000,1496.00000,2.37150,2.27008,34.50460,43.66530,42.51230,153.95700,3.07722,-9999.00000,-9999.00000,-9999.00000,-9999.00000
49UP19980916,19980924,1701,36.98380,164.98200,1747.70000,1728.00000,2.17890,2.06098,34.54180,50.70000,42.07000,161.16400,3.03000,-9999.00000,-9999.00000,-9999.00000,-9999.00000
49UP19980916,19980925,0041,35.97230,164.97900,0.00000,0.00000,25.63440,25.63440,34.00000,-9999.00000,0.01000,2.20420,0.02000,-9999.00000,-9999.00000,-9999.00000,-9999.00000
49UP19980916,19980925,0039,35.97230,164.97900,9.50000,9.00000,25.63840,25.63630,34.00630,206.79800,0.07000,2.15270,0.02000,-9999.00000,-9999.00000,-9999.00000,-9999.00000
49UP19980916,19980925,0038,35.97230,164.97900,25.60000,25.00000,25.63290,25.62730,34.01040,209.82000,0.07000,1.87460,0.01000,-9999.00000,-9999.00000,-9999.00000,-9999.00000
49UP19980916,19980925,0036,35.97230,164.97900,49.00000,49.00000,19.23710,19.22830,34.44640,251.06200,0.06000,2.95610,0.04000,-9999.00000,-9999.00000,-9999.00000,-9999.00000
49UP19980916,19980925,0035,35.97230,164.97900,76.00000,75.00000,15.64100,15.62920,34.63460,234.68200,3.36000,8.13700,0.30000,-9999.00000,-9999.00000,-9999.00000,-9999.00000
49UP19980916,19980925,0034,35.97230,164.97900,101.30000,101.00000,14.44150,14.42660,34.57660,185.73800,11.39000,13.85350,0.72000,-9999.00000,-9999.00000,-9999.00000,-9999.00000
49UP19980916,19980925,0032,35.97230,164.97900,127.00000,126.00000,13.39540,13.37770,34.50440,192.46500,12.52000,16.15040,0.81000,-9999.00000,-9999.00000,-9999.00000,-9999.00000
49UP19980916,19980925,0031,35.97230,164.97900,146.70000,146.00000,12.75480,12.73500,34.46060,199.58300,13.05000,17.21130,0.85000,-9999.00000,-9999.00000,-9999.00000,-9999.00000
49UP19980916,19980925,0029,35.97230,164.97900,201.50000,200.00000,11.24930,11.22430,34.35340,189.93000,16.20000,24.19470,1.07000,-9999.00000,-9999.00000,-9999.00000,-9999.00000
49UP19980916,19980925,0028,35.97230,164.97900,250.40000,248.00000,10.34340,10.31390,34.27930,213.91500,14.96000,21.78450,1.00000,-9999.00000,-9999.00000,-9999.00000,-9999.00000
49UP19980916,19980925,0026,35.97230,164.97900,299.40000,297.00000,9.31560,9.28253,34.18950,187.29800,19.75000,31.21930,1.33000,-9999.00000,-9999.00000,-9999.00000,-9999.00000
49UP19980916,19980925,0023,35.97230,164.97900,404.70000,401.00000,6.66700,6.63020,33.95230,178.03500,25.35000,45.87620,1.77000,-9999.00000,-9999.00000,-9999.00000,-9999.00000
49UP19980916,19980925,0020,35.97230,164.97900,503.80000,500.00000,5.48400,5.44237,34.00320,126.26200,32.12000,67.75340,2.28000,-9999.00000,-9999.00000,-9999.00000,-9999.00000
49UP19980916,19980925,0018,35.97230,164.97900,603.10000,598.00000,4.69510,4.64844,34.07370,87.65250,36.58000,86.40670,2.61000,-9999.00000,-9999.00000,-9999.00000,-9999.00000
49UP19980916,19980925,0015,35.97230,164.97900,704.30000,698.00000,4.24490,4.19223,34.17280,64.05750,39.24000,102.41300,2.80000,-9999.00000,-9999.00000,-9999.00000,-9999.00000
49UP19980916,19980925,0012,35.97230,164.97900,808.30000,801.00000,3.89360,3.83463,34.23920,50.70000,40.53000,113.68100,2.91000,-9999.00000,-9999.00000,-9999.00000,-9999.00000
49UP19980916,19980925,0009,35.97230,164.97900,908.30000,900.00000,3.50060,3.43632,34.30380,40.56000,41.67000,125.36100,3.01000,-9999.00000,-9999.00000,-9999.00000,-9999.00000
49UP19980916,19980925,0007,35.97230,164.97900,1006.40000,997.00000,3.26610,3.19589,34.34630,37.44000,42.23000,132.37600,3.06000,-9999.00000,-9999.00000,-9999.00000,-9999.00000
49UP19980916,19980925,0002,35.97230,164.97900,1261.20000,1248.00000,2.73780,2.65228,34.44640,34.80750,42.72000,147.78400,3.09000,-9999.00000,-9999.00000,-9999.00000,-9999.00000
49UP19980916,19980925,2357,35.97230,164.97900,1513.00000,1496.00000,2.40750,2.30563,34.50630,45.16800,42.50570,155.08300,3.06781,-9999.00000,-9999.00000,-9999.00000,-9999.00000
49UP19980916,19980925,2352,35.97230,164.97900,1768.30000,1748.00000,2.12010,2.00124,34.56050,55.67250,41.99000,162.48200,3.02000,-9999.00000,-9999.00000,-9999.00000,-9999.00000
49UP19980916,19980925,2348,35.97230,164.97900,2034.70000,2010.00000,1.92170,1.78366,34.59470,70.78500,41.10000,164.37800,2.93000,-9999.00000,-9999.00000,-9999.00000,-9999.00000
49UP19980916,19980925,0700,34.97170,164.99500,0.00000,0.00000,26.71820,26.71820,34.24810,203.77500,0.06000,1.99820,0.06000,-9999.00000,-9999.00000,-9999.00000,-9999.00000
49UP19980916,19980925,0657,34.97170,164.99500,12.20000,12.00000,26.72900,26.72620,34.25260,202.70200,0.08000,1.81280,0.05000,-9999.00000,-9999.00000,-9999.00000,-9999.00000
49UP19980916,19980925,0656,34.97170,164.99500,24.00000,24.00000,26.73960,26.73410,34.25550,206.11500,0.10000,1.62740,0.04000,-9999.00000,-9999.00000,-9999.00000,-9999.00000
49UP19980916,19980925,0654,34.97170,164.99500,49.30000,49.00000,25.24880,25.23810,34.41650,214.59800,0.12000,2.09090,0.05000,-9999.00000,-9999.00000,-9999.00000,-9999.00000
49UP19980916,19980925,0652,34.97170,164.99500,72.70000,72.00000,21.91940,21.90510,34.74030,207.38300,0.10000,2.78100,0.08000,-9999.00000,-9999.00000,-9999.00000,-9999.00000
49UP19980916,19980925,0650,34.97170,164.99500,99.30000,99.00000,19.53710,19.51910,34.78270,188.85700,4.33000,4.98520,0.30000,-9999.00000,-9999.00000,-9999.00000,-9999.00000
49UP19980916,19980925,0649,34.97170,164.99500,124.10000,123.00000,18.56800,18.54630,34.81970,192.66000,4.40000,4.52170,0.30000,-9999.00000,-9999.00000,-9999.00000,-9999.00000
49UP19980916,19980925,0647,34.97170,164.99500,150.00000,149.00000,17.63720,17.61190,34.78290,188.76000,6.12000,6.09760,0.40000,-9999.00000,-9999.00000,-9999.00000,-9999.00000
49UP19980916,19980925,0645,34.97170,164.99500,198.70000,197.00000,16.28900,16.25720,34.70810,185.73800,8.38000,8.49750,0.55000,-9999.00000,-9999.00000,-9999.00000,-9999.00000
49UP19980916,19980925,0643,34.97170,164.99500,250.80000,249.00000,14.72070,14.68330,34.61570,177.45000,11.32000,13.50330,0.73000,-9999.00000,-9999.00000,-9999.00000,-9999.00000
49UP19980916,19980925,0641,34.97170,164.99500,298.90000,296.00000,13.37140,13.32950,34.52640,180.27700,13.65000,17.63360,0.90000,-9999.00000,-9999.00000,-9999.00000,-9999.00000
49UP19980916,19980925,0638,34.97170,164.99500,400.10000,397.00000,10.14200,10.09510,34.24830,216.45000,15.66000,22.98960,1.07000,-9999.00000,-9999.00000,-9999.00000,-9999.00000
49UP19980916,19980925,0635,34.97170,164.99500,503.00000,499.00000,7.45670,7.40754,34.06240,162.14300,25.54000,45.20670,1.78000,-9999.00000,-9999.00000,-9999.00000,-9999.00000
49UP19980916,19980925,0631,34.97170,164.99500,603.90000,599.00000,5.67060,5.61937,34.02860,123.24000,32.05000,66.77490,2.28000,-9999.00000,-9999.00000,-9999.00000,-9999.00000
49UP19980916,19980925,0628,34.97170,164.99500,705.00000,699.00000,4.62420,4.56953,34.05630,90.67500,36.65000,86.19040,2.62000,-9999.00000,-9999.00000,-9999.00000,-9999.00000
49UP19980916,19980925,0624,34.97170,164.99500,804.60000,797.00000,4.18980,4.12939,34.14950,62.30250,39.48000,102.42300,2.83000,-9999.00000,-9999.00000,-9999.00000,-9999.00000
49UP19980916,19980925,0620,34.97170,164.99500,905.10000,897.00000,3.84280,3.77645,34.24820,49.04250,40.71000,114.48400,2.93000,-9999.00000,-9999.00000,-9999.00000,-9999.00000
49UP19980916,19980925,0616,34.97170,164.99500,1008.20000,998.00000,3.46260,3.39079,34.29870,40.85250,41.78000,125.49500,3.02000,-9999.00000,-9999.00000,-9999.00000,-9999.00000
49UP19980916,19980925,0609,34.97170,164.99500,1259.50000,1247.00000,2.85030,2.76387,34.41530,36.75750,42.45000,143.35500,3.07000,-9999.00000,-9999.00000,-9999.00000,-9999.00000
49UP19980916,19980925,0604,34.97170,164.99500,1509.90000,1494.00000,2.39850,2.29702,34.49110,41.14500,42.61000,156.32300,3.08000,-9999.00000,-9999.00000,-9999.00000,-9999.00000
49UP19980916,19980925,0559,34.97170,164.99500,1764.30000,1744.00000,2.14200,2.02323,34.54190,56.45250,41.40000,158.70200,2.98000,-9999.00000,-9999.00000,-9999.00000,-9999.00000
49UP19980916,19980925,0553,34.97170,164.99500,2049.70000,2025.00000,1.92480,1.78544,34.59810,76.24500,40.81000,162.08100,2.92000,-9999.00000,-9999.00000,-9999.00000,-9999.00000
49UP19980916,19980925,1316,33.97180,164.98700,0.00000,0.00000,26.19570,26.19570,33.60900,205.14000,0.12000,1.92610,0.02000,-9999.00000,-9999.00000,-9999.00000,-9999.00000
49UP19980916,19980925,1314,33.97180,164.98700,9.30000,9.00000,26.19020,26.18810,34.14810,204.94500,0.06000,1.89520,0.01000,-9999.00000,-9999.00000,-9999.00000,-9999.00000
49UP19980916,19980925,1313,33.97180,164.98700,24.80000,25.00000,26.23640,26.23090,34.17680,208.16300,0.07000,1.63770,0.01000,-9999.00000,-9999.00000,-9999.00000,-9999.00000
49UP19980916,19980925,1312,33.97180,164.98700,48.50000,48.00000,22.78670,22.77690,34.64490,219.37500,0.00000,2.49260,0.02000,-9999.00000,-9999.00000,-9999.00000,-9999.00000
49UP19980916,19980925,1310,33.97180,164.98700,75.50000,75.00000,20.60700,20.59280,34.77740,196.65800,2.52000,3.95520,0.17000,-9999.00000,-9999.00000,-9999.00000,-9999.00000
49UP19980916,19980925,1309,33.97180,164.98700,99.20000,98.00000,19.45890,19.44100,34.79320,206.50500,1.90000,3.12090,0.15000,-9999.00000,-9999.00000,-9999.00000,-9999.00000
49UP19980916,19980925,1307,33.97180,164.98700,125.90000,125.00000,18.96140,18.93900,34.82410,203.58000,2.60000,2.79130,0.17000,-9999.00000,-9999.00000,-9999.00000,-9999.00000
49UP19980916,19980925,1306,33.97180,164.98700,151.20000,150.00000,18.42730,18.40100,34.80720,197.34000,4.26000,4.24360,0.26000,-9999.00000,-9999.00000,-9999.00000,-9999.00000
49UP19980916,19980925,1304,33.97180,164.98700,199.50000,198.00000,16.69210,16.65970,34.62640,217.13300,4.18000,6.51990,0.30000,-9999.00000,-9999.00000,-9999.00000,-9999.00000
49UP19980916,19980925,1303,33.97180,164.98700,251.30000,249.00000,15.66270,15.62350,34.68370,-9999.00000,9.38000,10.70170,0.59000,-9999.00000,-9999.00000,-9999.00000,-9999.00000
49UP19980916,19980925,1301,33.97180,164.98700,299.60000,297.00000,14.59510,14.55060,34.61180,201.53300,9.41000,10.52660,0.59000,-9999.00000,-9999.00000,-9999.00000,-9999.00000
49UP19980916,19980925,1258,33.97180,164.98700,403.40000,400.00000,11.47140,11.42020,34.36780,198.99700,15.10000,21.61970,0.99000,-9999.00000,-9999.00000,-9999.00000,-9999.00000
49UP19980916,19980925,1255,33.97180,164.98700,501.50000,497.00000,8.52140,8.46838,34.11020,191.00300,20.95000,34.40200,1.44000,-9999.00000,-9999.00000,-9999.00000,-9999.00000
49UP19980916,19980925,1252,33.97180,164.98700,604.00000,599.00000,6.27390,6.21991,34.00340,144.00800,28.89000,56.83540,2.04000,-9999.00000,-9999.00000,-9999.00000,-9999.00000
49UP19980916,19980925,1250,33.97180,164.98700,704.10000,698.00000,4.93010,4.87387,34.02760,104.61800,35.09000,79.67050,2.51000,-9999.00000,-9999.00000,-9999.00000,-9999.00000
49UP19980916,19980925,1247,33.97180,164.98700,807.20000,800.00000,4.29660,4.23536,34.11620,70.10250,38.76000,97.46890,2.77000,-9999.00000,-9999.00000,-9999.00000,-9999.00000
49UP19980916,19980925,1244,33.97180,164.98700,904.80000,896.00000,3.91680,3.85000,34.21800,49.82250,40.63000,112.21800,2.92000,-9999.00000,-9999.00000,-9999.00000,-9999.00000
49UP19980916,19980925,1242,33.97180,164.98700,1008.30000,999.00000,3.52080,3.44854,34.28780,42.41250,41.58000,124.35200,3.01000,-9999.00000,-9999.00000,-9999.00000,-9999.00000
49UP19980916,19980925,1237,33.97180,164.98700,1261.30000,1249.00000,2.93860,2.85117,34.41440,35.58750,42.54000,142.11900,3.08000,-9999.00000,-9999.00000,-9999.00000,-9999.00000
49UP19980916,19980925,1232,33.97180,164.98700,1514.30000,1498.00000,2.50030,2.39727,34.49540,43.49120,42.61080,151.50500,3.07767,-9999.00000,-9999.00000,-9999.00000,-9999.00000
49UP19980916,19980925,1227,33.97180,164.98700,1766.90000,1747.00000,2.20350,2.08366,34.54950,51.38250,42.23000,160.87600,3.04000,-9999.00000,-9999.00000,-9999.00000,-9999.00000
49UP19980916,19980925,1223,33.97180,164.98700,2033.90000,2010.00000,1.95790,1.81938,34.58970,68.73750,41.18000,163.57400,2.94000,-9999.00000,-9999.00000,-9999.00000,-9999.00000
49UP19980916,19980925,1928,32.98800,164.98200,0.00000,0.00000,26.39410,26.39410,34.53630,204.16500,0.06000,2.51320,0.03000,-9999.00000,-9999.00000,-9999.00000,-9999.00000
49UP19980916,19980925,1926,32.98800,164.98200,10.40000,10.00000,26.40930,26.40700,34.54420,203.97000,0.02000,2.28660,0.02000,-9999.00000,-9999.00000,-9999.00000,-9999.00000
49UP19980916,19980925,1925,32.98800,164.98200,26.50000,26.00000,26.38740,26.38140,34.55260,206.50500,0.04000,2.25570,0.02000,-9999.00000,-9999.00000,-9999.00000,-9999.00000
49UP19980916,19980925,1923,32.98800,164.98200,51.80000,51.00000,26.36460,26.35290,34.55260,205.14000,-9999.00000,2.48230,0.01000,-9999.00000,-9999.00000,-9999.00000,-9999.00000
49UP19980916,19980925,1922,32.98800,164.98200,73.40000,73.00000,21.80500,21.79060,34.62750,254.37800,-9999.00000,3.40930,0.02000,-9999.00000,-9999.00000,-9999.00000,-9999.00000
49UP19980916,19980925,1920,32.98800,164.98200,101.90000,101.00000,16.73040,16.71380,34.67460,260.71500,0.14000,5.22210,0.09000,-9999.00000,-9999.00000,-9999.00000,-9999.00000
49UP19980916,19980925,1919,32.98800,164.98200,127.60000,127.00000,15.15740,15.13800,34.62180,203.19000,8.27000,9.74380,0.52000,-9999.00000,-9999.00000,-9999.00000,-9999.00000
49UP19980916,19980925,1918,32.98800,164.98200,152.10000,151.00000,14.46660,14.44420,34.58940,206.40800,9.46000,10.79440,0.58000,-9999.00000,-9999.00000,-9999.00000,-9999.00000
49UP19980916,19980925,1916,32.98800,164.98200,201.30000,200.00000,13.42600,13.39780,34.52040,211.77000,10.42000,12.50420,0.65000,-9999.00000,-9999.00000,-9999.00000,-9999.00000
49UP19980916,19980925,0042,32.98800,164.98200,204.20000,203.00000,13.11550,13.08740,34.48670,211.94900,10.48920,12.61430,0.65474,-9999.00000,-9999.00000,-9999.00000,-9999.00000
49UP19980916,19980925,0042,32.98800,164.98200,206.70000,205.00000,13.02660,12.99830,34.47590,212.02600,10.54830,12.71090,0.65875,-9999.00000,-9999.00000,-9999.00000,-9999.00000
49UP19980916,19980925,1914,32.98800,164.98200,253.20000,251.00000,12.43940,12.40570,34.44170,208.84500,11.77000,14.95560,0.75000,-9999.00000,-9999.00000,-9999.00000,-9999.00000
49UP19980916,19980925,1912,32.98800,164.98200,304.70000,302.00000,11.38140,11.34310,34.35890,211.18500,13.78000,18.77690,0.91000,-9999.00000,-9999.00000,-9999.00000,-9999.00000
49UP19980916,19980925,1909,32.98800,164.98200,404.00000,401.00000,9.38040,9.33533,34.18480,201.24000,18.23000,27.36710,1.23000,-9999.00000,-9999.00000,-9999.00000,-9999.00000
49UP19980916,19980925,1907,32.98800,164.98200,505.60000,501.00000,7.36070,7.31166,34.04210,166.43200,25.23000,44.51660,1.73000,-9999.00000,-9999.00000,-9999.00000,-9999.00000
49UP19980916,19980925,1904,32.98800,164.98200,607.00000,602.00000,5.91030,5.85770,34.01090,132.21000,30.42000,61.51160,2.15000,-9999.00000,-9999.00000,-9999.00000,-9999.00000
49UP19980916,19980925,1902,32.98800,164.98200,708.00000,702.00000,4.77510,4.71932,34.08510,89.31000,36.41000,85.53120,2.60000,-9999.00000,-9999.00000,-9999.00000,-9999.00000
49UP19980916,19980925,1859,32.98800,164.98200,805.50000,798.00000,4.24880,4.18793,34.16290,64.64250,38.91000,100.75500,2.78000,-9999.00000,-9999.00000,-9999.00000,-9999.00000
49UP19980916,19980925,1856,32.98800,164.98200,909.50000,901.00000,3.85030,3.78355,34.24590,48.06750,40.58000,113.89700,2.91000,-9999.00000,-9999.00000,-9999.00000,-9999.00000
49UP19980916,19980925,1854,32.98800,164.98200,1009.60000,1000.00000,3.45660,3.38469,34.31820,40.36500,41.65000,125.86600,3.01000,-9999.00000,-9999.00000,-9999.00000,-9999.00000
49UP19980916,19980925,1849,32.98800,164.98200,1260.50000,1248.00000,2.78060,2.69472,34.44020,37.24500,42.45000,145.54900,3.07000,-9999.00000,-9999.00000,-9999.00000,-9999.00000
49UP19980916,19980925,1843,32.98800,164.98200,1513.50000,1497.00000,2.47060,2.36794,34.51270,43.48500,42.40000,153.12000,3.05000,-9999.00000,-9999.00000,-9999.00000,-9999.00000
49UP19980916,19980925,1844,32.98800,164.98200,1516.10000,1500.00000,2.47470,2.37180,34.50570,44.16750,42.33000,153.02700,3.05000,-9999.00000,-9999.00000,-9999.00000,-9999.00000
49UP19980916,19980925,1838,32.98800,164.98200,1767.30000,1747.00000,2.13660,2.01759,34.56410,58.40250,41.61000,159.99000,2.99000,-9999.00000,-9999.00000,-9999.00000,-9999.00000
49UP19980916,19980925,2350,32.98800,164.98200,2022.70000,1999.00000,1.96550,1.82778,34.59640,75.99310,40.69570,162.36400,2.90265,-9999.00000,-9999.00000,-9999.00000,-9999.00000
49UP19980916,19980925,2351,32.98800,164.98200,2028.60000,2005.00000,1.95870,1.82061,34.59020,76.42780,40.67300,162.37300,2.90037,-9999.00000,-9999.00000,-9999.00000,-9999.00000
49UP19980916,19980925,2351,32.98800,164.98200,2034.70000,2011.00000,1.95690,1.81832,34.59130,76.87990,40.64930,162.37800,2.89798,-9999.00000,-9999.00000,-9999.00000,-9999.00000
49UP19980916,19980925,2352,32.98800,164.98200,2038.40000,2014.00000,1.95310,1.81426,34.59420,77.15550,40.63480,162.37900,2.89653,-9999.00000,-9999.00000,-9999.00000,-9999.00000
49UP19980916,19980925,2352,32.98800,164.98200,2042.30000,2018.00000,1.95070,1.81157,34.59470,77.44710,40.61950,162.37900,2.89499,-9999.00000,-9999.00000,-9999.00000,-9999.00000
49UP19980916,19980925,2353,32.98800,164.98200,2046.00000,2022.00000,1.94870,1.80928,34.59620,77.72490,40.60490,162.37800,2.89352,-9999.00000,-9999.00000,-9999.00000,-9999.00000
49UP19980916,19980925,2353,32.98800,164.98200,2051.00000,2027.00000,1.94970,1.80986,34.59170,78.10200,40.58510,162.37400,2.89153,-9999.00000,-9999.00000,-9999.00000,-9999.00000
49UP19980916,19980925,1833,32.98800,164.98200,2054.80000,2030.00000,1.88410,1.74493,34.60280,78.39000,40.57000,162.36900,2.89000,-9999.00000,-9999.00000,-9999.00000,-9999.00000
49UP19980916,19980925,2232,32.98800,164.98200,3543.70000,3489.00000,1.51870,1.24762,34.67070,-9999.00000,-9999.00000,-9999.00000,-9999.00000,-9999.00000,-9999.00000,-9999.00000,-9999.00000
49UP19980916,19980925,2231,32.98800,164.98200,3546.10000,3492.00000,1.52090,1.24950,34.67280,-9999.00000,-9999.00000,-9999.00000,-9999.00000,-9999.00000,-9999.00000,-9999.00000,-9999.00000
49UP19980916,19980925,2231,32.98800,164.98200,3549.40000,3495.00000,1.52160,1.24986,34.67040,-9999.00000,-9999.00000,-9999.00000,-9999.00000,-9999.00000,-9999.00000,-9999.00000,-9999.00000
49UP19980916,19980925,2231,32.98800,164.98200,3549.80000,3495.00000,1.51960,1.24785,34.67350,-9999.00000,-9999.00000,-9999.00000,-9999.00000,-9999.00000,-9999.00000,-9999.00000,-9999.00000
49UP19980916,19980925,2229,32.98800,164.98200,3551.40000,3497.00000,1.51790,1.24603,34.67290,-9999.00000,-9999.00000,-9999.00000,-9999.00000,-9999.00000,-9999.00000,-9999.00000,-9999.00000
49UP19980916,19980925,2230,32.98800,164.98200,3551.60000,3497.00000,1.52030,1.24835,34.67370,-9999.00000,-9999.00000,-9999.00000,-9999.00000,-9999.00000,-9999.00000,-9999.00000,-9999.00000
49UP19980916,19980925,2230,32.98800,164.98200,3552.40000,3498.00000,1.52080,1.24876,34.67320,-9999.00000,-9999.00000,-9999.00000,-9999.00000,-9999.00000,-9999.00000,-9999.00000,-9999.00000
49UP19980916,19980925,2213,32.98800,164.98200,4719.10000,4635.00000,1.49520,1.09470,34.68960,-9999.00000,-9999.00000,-9999.00000,-9999.00000,-9999.00000,-9999.00000,-9999.00000,-9999.00000
49UP19980916,19980925,2213,32.98800,164.98200,4729.20000,4644.00000,1.49460,1.09294,34.68800,-9999.00000,-9999.00000,-9999.00000,-9999.00000,-9999.00000,-9999.00000,-9999.00000,-9999.00000
49UP19980916,19980925,2213,32.98800,164.98200,4738.30000,4653.00000,1.49510,1.09235,34.68800,-9999.00000,-9999.00000,-9999.00000,-9999.00000,-9999.00000,-9999.00000,-9999.00000,-9999.00000
49UP19980916,19980925,2212,32.98800,164.98200,4747.10000,4662.00000,1.49710,1.09325,34.68730,-9999.00000,-9999.00000,-9999.00000,-9999.00000,-9999.00000,-9999.00000,-9999.00000,-9999.00000
49UP19980916,19980925,2212,32.98800,164.98200,4755.20000,4670.00000,1.49630,1.09151,34.68770,-9999.00000,-9999.00000,-9999.00000,-9999.00000,-9999.00000,-9999.00000,-9999.00000,-9999.00000
49UP19980916,19980925,2211,32.98800,164.98200,4763.00000,4677.00000,1.49680,1.09107,34.68750,-9999.00000,-9999.00000,-9999.00000,-9999.00000,-9999.00000,-9999.00000,-9999.00000,-9999.00000
49UP19980916,19980925,2211,32.98800,164.98200,4773.00000,4687.00000,1.49660,1.08968,34.68840,-9999.00000,-9999.00000,-9999.00000,-9999.00000,-9999.00000,-9999.00000,-9999.00000,-9999.00000
49UP19980916,19980925,2210,32.98800,164.98200,4782.00000,4696.00000,1.49480,1.08685,34.69140,-9999.00000,-9999.00000,-9999.00000,-9999.00000,-9999.00000,-9999.00000,-9999.00000,-9999.00000
49UP19980916,19980926,0706,32.00130,165.00800,0.00000,0.00000,26.99530,26.99530,34.41580,202.11700,0.10000,1.57590,0.02000,-9999.00000,-9999.00000,-9999.00000,-9999.00000
49UP19980916,19980926,0703,32.00130,165.00800,12.00000,12.00000,27.00970,27.00700,34.45070,202.11700,-9999.00000,1.66860,0.00000,-9999.00000,-9999.00000,-9999.00000,-9999.00000
49UP19980916,19980926,0702,32.00130,165.00800,26.20000,26.00000,27.00780,27.00180,34.45340,204.75000,0.06000,1.80250,0.01000,-9999.00000,-9999.00000,-9999.00000,-9999.00000
49UP19980916,19980926,0701,32.00130,165.00800,50.00000,50.00000,25.95490,25.94380,34.72170,211.18500,0.04000,1.44200,-9999.00000,-9999.00000,-9999.00000,-9999.00000,-9999.00000
49UP19980916,19980926,0700,32.00130,165.00800,75.50000,75.00000,20.89590,20.88150,34.91630,-9999.00000,0.00000,2.11150,0.00000,-9999.00000,-9999.00000,-9999.00000,-9999.00000
49UP19980916,19980926,0659,32.00130,165.00800,99.90000,99.00000,18.64520,18.62770,34.86740,246.28500,0.02000,2.37930,0.01000,-9999.00000,-9999.00000,-9999.00000,-9999.00000
49UP19980916,19980926,0658,32.00130,165.00800,125.30000,124.00000,17.78940,17.76810,34.81820,230.68500,0.00000,2.55440,0.04000,-9999.00000,-9999.00000,-9999.00000,-9999.00000
49UP19980916,19980926,0656,32.00130,165.00800,152.30000,151.00000,17.00890,16.98380,34.79360,213.33000,3.32000,3.98610,0.21000,-9999.00000,-9999.00000,-9999.00000,-9999.00000
49UP19980916,19980926,0654,32.00130,165.00800,200.40000,199.00000,16.27680,16.24480,34.73440,207.28500,5.91000,5.68560,0.35000,-9999.00000,-9999.00000,-9999.00000,-9999.00000
49UP19980916,19980926,0653,32.00130,165.00800,251.60000,250.00000,15.27230,15.23380,34.65070,-9999.00000,-9999.00000,-9999.00000,-9999.00000,-9999.00000,-9999.00000,-9999.00000,-9999.00000
49UP19980916,19980926,0651,32.00130,165.00800,302.40000,300.00000,14.06990,14.02610,34.53890,199.09500,10.25000,12.02010,0.64000,-9999.00000,-9999.00000,-9999.00000,-9999.00000
49UP19980916,19980926,0648,32.00130,165.00800,402.50000,399.00000,11.86060,11.80840,34.41920,199.68000,13.94000,18.32370,0.90000,-9999.00000,-9999.00000,-9999.00000,-9999.00000
49UP19980916,19980926,0645,32.00130,165.00800,504.00000,500.00000,9.37580,9.31927,34.19480,182.52000,19.94000,29.23140,1.32000,-9999.00000,-9999.00000,-9999.00000,-9999.00000
49UP19980916,19980926,0636,32.00130,165.00800,606.60000,601.00000,6.81630,6.75955,34.03070,155.90200,26.42000,48.88380,1.85000,-9999.00000,-9999.00000,-9999.00000,-9999.00000
49UP19980916,19980926,0633,32.00130,165.00800,707.80000,702.00000,5.53380,5.47395,34.04900,116.51200,32.75000,72.23390,2.31000,-9999.00000,-9999.00000,-9999.00000,-9999.00000
49UP19980916,19980926,0631,32.00130,165.00800,808.30000,801.00000,4.50880,4.44615,34.11230,78.09750,37.64000,92.90600,2.69000,-9999.00000,-9999.00000,-9999.00000,-9999.00000
49UP19980916,19980926,0628,32.00130,165.00800,908.10000,900.00000,4.05970,3.99166,34.19790,55.57500,39.96000,107.92300,2.89000,-9999.00000,-9999.00000,-9999.00000,-9999.00000
49UP19980916,19980926,0625,32.00130,165.00800,1007.80000,998.00000,3.66760,3.59424,34.28490,43.38750,41.38000,120.32500,2.99000,-9999.00000,-9999.00000,-9999.00000,-9999.00000
49UP19980916,19980926,0620,32.00130,165.00800,1261.60000,1249.00000,2.94440,2.85689,34.41700,34.80750,42.67000,141.83100,3.10000,-9999.00000,-9999.00000,-9999.00000,-9999.00000
49UP19980916,19980926,0615,32.00130,165.00800,1512.90000,1497.00000,2.47730,2.37463,34.50170,40.95000,42.73000,154.67500,3.08000,-9999.00000,-9999.00000,-9999.00000,-9999.00000
49UP19980916,19980926,0610,32.00130,165.00800,1769.30000,1750.00000,2.13200,2.01290,34.56070,56.74500,41.90000,161.38000,3.02000,-9999.00000,-9999.00000,-9999.00000,-9999.00000
49UP19980916,19980926,0605,32.00130,165.00800,2059.20000,2035.00000,1.91390,1.77390,34.60150,77.51250,40.78000,161.64800,2.93000,-9999.00000,-9999.00000,-9999.00000,-9999.00000
49UP19980916,19980926,1352,31.00030,164.98000,0.00000,0.00000,26.72300,26.72300,34.73200,202.60500,0.04000,1.41110,0.02000,-9999.00000,-9999.00000,-9999.00000,-9999.00000
49UP19980916,19980926,1350,31.00030,164.98000,10.50000,10.00000,26.73390,26.73150,34.74730,201.53300,0.04000,1.43170,0.01000,-9999.00000,-9999.00000,-9999.00000,-9999.00000
49UP19980916,19980926,1349,31.00030,164.98000,25.10000,25.00000,26.84810,26.84240,34.87480,204.65200,0.04000,1.48320,0.01000,-9999.00000,-9999.00000,-9999.00000,-9999.00000
49UP19980916,19980926,1348,31.00030,164.98000,49.60000,49.00000,25.81000,25.79900,35.25950,224.15200,0.01000,1.67890,0.01000,-9999.00000,-9999.00000,-9999.00000,-9999.00000
49UP19980916,19980926,1346,31.00030,164.98000,74.90000,74.00000,20.62720,20.61310,34.97460,236.04800,0.00000,2.08060,0.02000,-9999.00000,-9999.00000,-9999.00000,-9999.00000
49UP19980916,19980926,1345,31.00030,164.98000,100.50000,100.00000,18.89710,18.87930,34.84670,228.93000,0.05000,2.22480,0.05000,-9999.00000,-9999.00000,-9999.00000,-9999.00000
49UP19980916,19980926,1344,31.00030,164.98000,124.60000,124.00000,18.22100,18.19950,34.84240,218.88700,0.34000,2.17330,0.09000,-9999.00000,-9999.00000,-9999.00000,-9999.00000
49UP19980916,19980926,1343,31.00030,164.98000,149.80000,149.00000,17.61730,17.59200,34.79710,210.60000,3.37000,3.45050,0.22000,-9999.00000,-9999.00000,-9999.00000,-9999.00000
49UP19980916,19980926,1341,31.00030,164.98000,198.10000,197.00000,17.12740,17.09460,34.78620,206.99200,4.53000,4.27450,0.28000,-9999.00000,-9999.00000,-9999.00000,-9999.00000
49UP19980916,19980926,1339,31.00030,164.98000,252.00000,250.00000,16.39560,16.35500,34.75180,204.36000,5.48000,5.12940,0.34000,-9999.00000,-9999.00000,-9999.00000,-9999.00000
49UP19980916,19980926,1338,31.00030,164.98000,300.90000,299.00000,15.64200,15.59510,34.69100,202.31200,7.33000,7.09670,0.47000,-9999.00000,-9999.00000,-9999.00000,-9999.00000
49UP19980916,19980926,1335,31.00030,164.98000,402.80000,400.00000,13.69680,13.63930,34.53770,205.14000,10.18000,10.93860,0.65000,-9999.00000,-9999.00000,-9999.00000,-9999.00000
49UP19980916,19980926,1333,31.00030,164.98000,504.30000,500.00000,11.46950,11.40520,34.36860,207.57700,14.09000,19.81720,0.94000,-9999.00000,-9999.00000,-9999.00000,-9999.00000
49UP19980916,19980926,1330,31.00030,164.98000,605.00000,600.00000,8.62740,8.56255,34.12540,181.93500,21.03000,34.71100,1.45000,-9999.00000,-9999.00000,-9999.00000,-9999.00000
49UP19980916,19980926,1328,31.00030,164.98000,703.60000,698.00000,6.43420,6.36994,34.02690,142.25300,29.12000,56.63970,2.06000,-9999.00000,-9999.00000,-9999.00000,-9999.00000
49UP19980916,19980926,1325,31.00030,164.98000,806.70000,800.00000,5.06590,4.99997,34.07160,102.43700,35.68000,80.25760,2.54000,-9999.00000,-9999.00000,-9999.00000,-9999.00000
49UP19980916,19980926,1322,31.00030,164.98000,908.10000,900.00000,4.42070,4.35019,34.15370,63.27750,38.93000,97.75730,2.80000,-9999.00000,-9999.00000,-9999.00000,-9999.00000
49UP19980916,19980926,1320,31.00030,164.98000,1009.00000,1000.00000,3.95870,3.88305,34.23730,47.97000,40.78000,111.92000,2.94000,-9999.00000,-9999.00000,-9999.00000,-9999.00000
49UP19980916,19980926,1315,31.00030,164.98000,1261.20000,1249.00000,3.05640,2.96788,34.39280,37.24500,42.31000,138.36000,3.07000,-9999.00000,-9999.00000,-9999.00000,-9999.00000
49UP19980916,19980926,1310,31.00030,164.98000,1512.90000,1497.00000,2.55880,2.45524,34.48150,39.39000,42.67000,152.23400,3.09000,-9999.00000,-9999.00000,-9999.00000,-9999.00000
49UP19980916,19980926,1306,31.00030,164.98000,1768.40000,1749.00000,2.19640,2.07655,34.54510,53.04000,41.96000,159.75300,3.02000,-9999.00000,-9999.00000,-9999.00000,-9999.00000
49UP19980916,19980926,1301,31.00030,164.98000,2032.30000,2009.00000,1.96360,1.82513,34.58800,70.29750,41.10000,162.67800,2.94000,-9999.00000,-9999.00000,-9999.00000,-9999.00000
49UP19980916,19980926,2002,29.98800,164.99100,0.00000,0.00000,26.53880,26.53880,34.76680,204.65200,0.12000,1.99820,0.03000,-9999.00000,-9999.00000,-9999.00000,-9999.00000
49UP19980916,19980926,2000,29.98800,164.99100,10.30000,10.00000,26.54090,26.53860,34.76840,202.02000,0.06000,2.01880,0.02000,-9999.00000,-9999.00000,-9999.00000,-9999.00000
49UP19980916,19980926,1959,29.98800,164.99100,24.40000,24.00000,26.58090,26.57540,34.80220,205.14000,0.06000,2.00850,0.02000,-9999.00000,-9999.00000,-9999.00000,-9999.00000
49UP19980916,19980926,1957,29.98800,164.99100,50.70000,50.00000,22.81480,22.80450,34.99890,239.94700,0.05000,1.78190,0.02000,-9999.00000,-9999.00000,-9999.00000,-9999.00000
49UP19980916,19980926,1956,29.98800,164.99100,75.50000,75.00000,20.15760,20.14360,34.95440,240.33700,0.03000,2.02910,0.02000,-9999.00000,-9999.00000,-9999.00000,-9999.00000
49UP19980916,19980926,1955,29.98800,164.99100,99.70000,99.00000,18.50530,18.48790,34.85580,226.29800,0.04000,2.42050,0.06000,-9999.00000,-9999.00000,-9999.00000,-9999.00000
49UP19980916,19980926,1953,29.98800,164.99100,124.70000,124.00000,17.61510,17.59410,34.81010,215.08500,1.96000,3.09000,0.17000,-9999.00000,-9999.00000,-9999.00000,-9999.00000
49UP19980916,19980926,1952,29.98800,164.99100,151.10000,150.00000,17.25240,17.22730,34.79410,214.79200,3.59000,3.54320,0.23000,-9999.00000,-9999.00000,-9999.00000,-9999.00000
49UP19980916,19980926,1950,29.98800,164.99100,200.90000,199.00000,16.73750,16.70470,34.77010,216.64500,4.14000,4.32600,0.27000,-9999.00000,-9999.00000,-9999.00000,-9999.00000
49UP19980916,19980926,1948,29.98800,164.99100,250.80000,249.00000,16.29710,16.25690,34.74740,213.23200,4.66000,5.04700,0.30000,-9999.00000,-9999.00000,-9999.00000,-9999.00000
49UP19980916,19980926,1947,29.98800,164.99100,302.50000,300.00000,15.63140,15.58420,34.69580,208.94300,6.67000,6.82890,0.42000,-9999.00000,-9999.00000,-9999.00000,-9999.00000
49UP19980916,19980926,1944,29.98800,164.99100,402.90000,400.00000,13.91410,13.85590,34.54950,210.89300,9.33000,10.53690,0.60000,-9999.00000,-9999.00000,-9999.00000,-9999.00000
49UP19980916,19980926,1942,29.98800,164.99100,504.00000,500.00000,11.70410,11.63900,34.37830,208.45500,13.49000,17.71600,0.89000,-9999.00000,-9999.00000,-9999.00000,-9999.00000
49UP19980916,19980926,1939,29.98800,164.99100,603.10000,598.00000,9.06230,8.99571,34.15960,188.27300,19.78000,31.02360,1.35000,-9999.00000,-9999.00000,-9999.00000,-9999.00000
49UP19980916,19980926,1937,29.98800,164.99100,704.80000,699.00000,6.79640,6.73008,34.04590,153.07500,27.83000,52.05620,1.95000,-9999.00000,-9999.00000,-9999.00000,-9999.00000
49UP19980916,19980926,1934,29.98800,164.99100,806.50000,799.00000,5.38800,5.32013,34.05370,105.78700,34.40000,74.27330,2.43000,-9999.00000,-9999.00000,-9999.00000,-9999.00000
49UP19980916,19980926,1932,29.98800,164.99100,907.80000,900.00000,4.41100,4.34060,34.14500,68.44500,39.01000,97.66460,2.78000,-9999.00000,-9999.00000,-9999.00000,-9999.00000
49UP19980916,19980926,1929,29.98800,164.99100,1008.20000,999.00000,4.01580,3.93977,34.23930,48.34320,41.12220,110.58100,2.94937,-9999.00000,-9999.00000,-9999.00000,-9999.00000
49UP19980916,19980926,1929,29.98800,164.99100,1009.00000,1000.00000,4.02290,3.94675,34.23800,48.26250,41.13000,110.67400,2.95000,-9999.00000,-9999.00000,-9999.00000,-9999.00000
49UP19980916,19980926,1924,29.98800,164.99100,1260.80000,1248.00000,3.07520,2.98649,34.40780,35.10000,42.81000,137.98900,3.08000,-9999.00000,-9999.00000,-9999.00000,-9999.00000
49UP19980916,19980926,1919,29.98800,164.99100,1515.00000,1499.00000,2.58650,2.48241,34.49650,42.51000,42.83000,150.87400,3.08000,-9999.00000,-9999.00000,-9999.00000,-9999.00000
49UP19980916,19980926,1915,29.98800,164.99100,1768.10000,1749.00000,2.19030,2.07053,34.55510,56.45250,42.08000,159.65000,3.00000,-9999.00000,-9999.00000,-9999.00000,-9999.00000
49UP19980916,19980926,1910,29.98800,164.99100,2031.80000,2008.00000,1.92480,1.78693,34.59930,76.73250,40.91000,161.67900,2.91000,-9999.00000,-9999.00000,-9999.00000,-9999.00000
49UP19980916,19980927,0157,29.00170,164.99200,101.60000,101.00000,17.98030,17.96290,34.83530,-9999.00000,-9999.00000,-9999.00000,-9999.00000,-9999.00000,-9999.00000,-9999.00000,-9999.00000
49UP19980916,19980927,0157,29.00170,164.99200,101.90000,101.00000,17.99540,17.97800,34.83600,-9999.00000,-9999.00000,-9999.00000,-9999.00000,-9999.00000,-9999.00000,-9999.00000,-9999.00000
49UP19980916,19980927,0158,29.00170,164.99200,102.40000,102.00000,17.99670,17.97920,34.83430,-9999.00000,-9999.00000,-9999.00000,-9999.00000,-9999.00000,-9999.00000,-9999.00000,-9999.00000
49UP19980916,19980927,0152,29.00170,164.99200,302.70000,300.00000,14.88240,14.83680,34.63780,-9999.00000,-9999.00000,-9999.00000,-9999.00000,-9999.00000,-9999.00000,-9999.00000,-9999.00000
49UP19980916,19980927,0152,29.00170,164.99200,304.00000,302.00000,14.89460,14.84880,34.62720,-9999.00000,-9999.00000,-9999.00000,-9999.00000,-9999.00000,-9999.00000,-9999.00000,-9999.00000
49UP19980916,19980927,0153,29.00170,164.99200,304.30000,302.00000,14.89170,14.84580,34.62650,-9999.00000,-9999.00000,-9999.00000,-9999.00000,-9999.00000,-9999.00000,-9999.00000,-9999.00000
49UP19980916,19980927,0143,29.00170,164.99200,705.50000,700.00000,6.14410,6.08121,34.02130,-9999.00000,-9999.00000,-9999.00000,-9999.00000,-9999.00000,-9999.00000,-9999.00000,-9999.00000
49UP19980916,19980927,0144,29.00170,164.99200,706.30000,700.00000,6.20870,6.14539,34.01880,-9999.00000,-9999.00000,-9999.00000,-9999.00000,-9999.00000,-9999.00000,-9999.00000,-9999.00000
49UP19980916,19980927,0145,29.00170,164.99200,706.60000,701.00000,6.21650,6.15312,34.01810,-9999.00000,-9999.00000,-9999.00000,-9999.00000,-9999.00000,-9999.00000,-9999.00000,-9999.00000
49UP19980916,19980927,0144,29.00170,164.99200,707.00000,701.00000,6.21600,6.15259,34.01680,-9999.00000,-9999.00000,-9999.00000,-9999.00000,-9999.00000,-9999.00000,-9999.00000,-9999.00000
49UP19980916,19980927,0145,29.00170,164.99200,708.70000,703.00000,6.20830,6.14477,34.01500,-9999.00000,-9999.00000,-9999.00000,-9999.00000,-9999.00000,-9999.00000,-9999.00000,-9999.00000
49UP19980916,19980927,0137,29.00170,164.99200,1008.40000,999.00000,3.87660,3.80162,34.24830,-9999.00000,-9999.00000,-9999.00000,-9999.00000,-9999.00000,-9999.00000,-9999.00000,-9999.00000
49UP19980916,19980927,0135,29.00170,164.99200,1008.60000,999.00000,3.87230,3.79732,34.25670,-9999.00000,-9999.00000,-9999.00000,-9999.00000,-9999.00000,-9999.00000,-9999.00000,-9999.00000
49UP19980916,19980927,0138,29.00170,164.99200,1008.90000,1000.00000,3.87600,3.80098,34.24870,-9999.00000,-9999.00000,-9999.00000,-9999.00000,-9999.00000,-9999.00000,-9999.00000,-9999.00000
49UP19980916,19980927,0137,29.00170,164.99200,1009.10000,1000.00000,3.87530,3.80027,34.24990,-9999.00000,-9999.00000,-9999.00000,-9999.00000,-9999.00000,-9999.00000,-9999.00000,-9999.00000
49UP19980916,19980927,0136,29.00170,164.99200,1010.00000,1001.00000,3.87490,3.79980,34.25250,-9999.00000,-9999.00000,-9999.00000,-9999.00000,-9999.00000,-9999.00000,-9999.00000,-9999.00000
49UP19980916,19980927,0138,29.00170,164.99200,1010.30000,1001.00000,3.87310,3.79799,34.25120,-9999.00000,-9999.00000,-9999.00000,-9999.00000,-9999.00000,-9999.00000,-9999.00000,-9999.00000
49UP19980916,19980927,0119,29.00170,164.99200,2034.80000,2011.00000,1.92600,1.78790,34.58960,-9999.00000,-9999.00000,-9999.00000,-9999.00000,-9999.00000,-9999.00000,-9999.00000,-9999.00000
49UP19980916,19980927,0118,29.00170,164.99200,2034.80000,2011.00000,1.92340,1.78534,34.59020,-9999.00000,-9999.00000,-9999.00000,-9999.00000,-9999.00000,-9999.00000,-9999.00000,-9999.00000
49UP19980916,19980927,0117,29.00170,164.99200,2035.40000,2012.00000,1.91600,1.77796,34.60250,-9999.00000,-9999.00000,-9999.00000,-9999.00000,-9999.00000,-9999.00000,-9999.00000,-9999.00000
49UP19980916,19980927,0118,29.00170,164.99200,2035.80000,2012.00000,1.92340,1.78525,34.59020,-9999.00000,-9999.00000,-9999.00000,-9999.00000,-9999.00000,-9999.00000,-9999.00000,-9999.00000
49UP19980916,19980927,0119,29.00170,164.99200,2035.90000,2012.00000,1.92200,1.78387,34.59040,-9999.00000,-9999.00000,-9999.00000,-9999.00000,-9999.00000,-9999.00000,-9999.00000,-9999.00000
49UP19980916,19980927,0120,29.00170,164.99200,2036.20000,2013.00000,1.92160,1.78344,34.59090,-9999.00000,-9999.00000,-9999.00000,-9999.00000,-9999.00000,-9999.00000,-9999.00000,-9999.00000
49UP19980916,19980927,0829,27.99700,164.98500,0.00000,0.00000,27.17940,27.17940,35.19930,200.94700,0.07000,1.48320,0.03000,-9999.00000,-9999.00000,-9999.00000,-9999.00000
49UP19980916,19980927,0827,27.99700,164.98500,10.60000,11.00000,27.18910,27.18670,35.20270,202.31200,0.04000,1.93640,0.03000,-9999.00000,-9999.00000,-9999.00000,-9999.00000
49UP19980916,19980927,0826,27.99700,164.98500,26.50000,26.00000,27.18770,27.18160,35.20470,203.58000,0.06000,1.30810,0.02000,-9999.00000,-9999.00000,-9999.00000,-9999.00000
49UP19980916,19980927,0824,27.99700,164.98500,51.80000,51.00000,25.25440,25.24310,34.85900,222.59200,0.02000,1.76130,0.01000,-9999.00000,-9999.00000,-9999.00000,-9999.00000
49UP19980916,19980927,0823,27.99700,164.98500,76.30000,76.00000,20.27160,20.25740,34.92330,241.80000,0.05000,2.19390,0.03000,-9999.00000,-9999.00000,-9999.00000,-9999.00000
49UP19980916,19980927,0822,27.99700,164.98500,100.50000,100.00000,18.98400,18.96610,34.87760,235.26800,-9999.00000,2.34840,0.04000,-9999.00000,-9999.00000,-9999.00000,-9999.00000
49UP19980916,19980927,0820,27.99700,164.98500,127.30000,126.00000,18.00860,17.98680,34.85900,214.98800,0.53000,2.70890,0.11000,-9999.00000,-9999.00000,-9999.00000,-9999.00000
49UP19980916,19980927,0819,27.99700,164.98500,152.10000,151.00000,17.25320,17.22790,34.82720,198.31500,4.48000,4.54230,0.30000,-9999.00000,-9999.00000,-9999.00000,-9999.00000
49UP19980916,19980927,0818,27.99700,164.98500,204.40000,203.00000,16.14900,16.11650,34.73210,197.43800,6.29000,5.65470,0.40000,-9999.00000,-9999.00000,-9999.00000,-9999.00000
49UP19980916,19980927,0816,27.99700,164.98500,253.00000,251.00000,15.18100,15.14240,34.65390,197.53500,7.90000,8.26060,0.50000,-9999.00000,-9999.00000,-9999.00000,-9999.00000
49UP19980916,19980927,0814,27.99700,164.98500,304.20000,302.00000,14.23340,14.18890,34.58230,205.72500,9.23000,9.99100,0.59000,-9999.00000,-9999.00000,-9999.00000,-9999.00000
49UP19980916,19980927,0812,27.99700,164.98500,401.60000,399.00000,12.24040,12.18720,34.41700,197.00100,13.78640,17.82440,0.90608,-9999.00000,-9999.00000,-9999.00000,-9999.00000
49UP19980916,19980927,0809,27.99700,164.98500,504.50000,501.00000,9.94200,9.88331,34.22800,187.78500,18.60000,26.10020,1.24000,-9999.00000,-9999.00000,-9999.00000,-9999.00000
49UP19980916,19980927,0807,27.99700,164.98500,604.50000,600.00000,7.63370,7.57339,34.08430,151.12500,25.97000,44.20760,1.78000,-9999.00000,-9999.00000,-9999.00000,-9999.00000
49UP19980916,19980927,0804,27.99700,164.98500,704.80000,699.00000,5.85890,5.79757,34.05050,118.26800,32.40000,66.11570,2.29000,-9999.00000,-9999.00000,-9999.00000,-9999.00000
49UP19980916,19980927,0802,27.99700,164.98500,806.60000,800.00000,4.81650,4.75206,34.12000,76.73250,37.43000,88.15770,2.68000,-9999.00000,-9999.00000,-9999.00000,-9999.00000
49UP19980916,19980927,0759,27.99700,164.98500,909.30000,901.00000,4.15560,4.08678,34.19800,54.79500,39.97000,105.36900,2.87000,-9999.00000,-9999.00000,-9999.00000,-9999.00000
49UP19980916,19980927,0757,27.99700,164.98500,1009.60000,1000.00000,3.71550,3.64162,34.28450,42.70500,41.47000,118.82100,2.98000,-9999.00000,-9999.00000,-9999.00000,-9999.00000
49UP19980916,19980927,0750,27.99700,164.98500,1260.30000,1248.00000,3.03240,2.94407,34.44490,40.17000,42.38000,138.03000,3.06000,-9999.00000,-9999.00000,-9999.00000,-9999.00000
49UP19980916,19980927,0745,27.99700,164.98500,1515.90000,1500.00000,2.52990,2.42633,34.52160,53.62500,41.86000,149.05100,3.01000,-9999.00000,-9999.00000,-9999.00000,-9999.00000
49UP19980916,19980927,0741,27.99700,164.98500,1769.30000,1750.00000,2.15510,2.03565,34.57490,71.95500,41.01000,155.01500,2.94000,-9999.00000,-9999.00000,-9999.00000,-9999.00000
49UP19980916,19980927,0736,27.99700,164.98500,2034.60000,2011.00000,1.90750,1.76964,34.60750,89.11500,40.42000,155.72600,2.88000,-9999.00000,-9999.00000,-9999.00000,-9999.00000
49UP19980916,19980928,0231,24.98300,164.99200,0.00000,0.00000,28.19820,28.19820,35.06450,196.07200,0.01000,1.04030,0.02000,-9999.00000,-9999.00000,-9999.00000,-9999.00000
49UP19980916,19980928,0229,24.98300,164.99200,11.20000,11.00000,28.20620,28.20350,35.07130,195.29200,0.00000,1.16390,0.01000,-9999.00000,-9999.00000,-9999.00000,-9999.00000
49UP19980916,19980928,0228,24.98300,164.99200,24.60000,24.00000,28.20430,28.19850,35.07470,198.80300,0.02000,1.23600,0.00000,-9999.00000,-9999.00000,-9999.00000,-9999.00000
49UP19980916,19980928,0226,24.98300,164.99200,51.90000,52.00000,27.49660,27.48450,35.15000,202.50800,0.00000,1.10210,0.00000,-9999.00000,-9999.00000,-9999.00000,-9999.00000
49UP19980916,19980928,0225,24.98300,164.99200,76.40000,76.00000,21.86900,21.85400,35.03810,224.25000,0.00000,2.35870,0.02000,-9999.00000,-9999.00000,-9999.00000,-9999.00000
49UP19980916,19980928,0224,24.98300,164.99200,100.80000,100.00000,19.88580,19.86730,34.96130,212.45200,0.01000,2.43080,0.05000,-9999.00000,-9999.00000,-9999.00000,-9999.00000
49UP19980916,19980928,0222,24.98300,164.99200,126.10000,125.00000,18.77840,18.75610,34.89570,208.45500,1.22000,2.53380,0.12000,-9999.00000,-9999.00000,-9999.00000,-9999.00000
49UP19980916,19980928,0221,24.98300,164.99200,151.70000,151.00000,17.93640,17.91050,34.85300,203.19000,3.30000,3.24450,0.22000,-9999.00000,-9999.00000,-9999.00000,-9999.00000
49UP19980916,19980928,0220,24.98300,164.99200,200.60000,199.00000,16.85720,16.82430,34.78840,201.72700,5.19000,4.60410,0.32000,-9999.00000,-9999.00000,-9999.00000,-9999.00000
49UP19980916,19980928,0218,24.98300,164.99200,249.50000,248.00000,16.01190,15.97240,34.72220,199.09500,6.55000,6.12850,0.39000,-9999.00000,-9999.00000,-9999.00000,-9999.00000
49UP19980916,19980928,0216,24.98300,164.99200,300.60000,298.00000,14.99300,14.94750,34.62980,202.11700,8.22000,8.37390,0.51000,-9999.00000,-9999.00000,-9999.00000,-9999.00000
49UP19980916,19980928,0213,24.98300,164.99200,402.70000,400.00000,12.95630,12.90090,34.45790,199.29000,12.10000,13.69900,0.77000,-9999.00000,-9999.00000,-9999.00000,-9999.00000
49UP19980916,19980928,0211,24.98300,164.99200,503.10000,499.00000,9.99640,9.93768,34.22410,181.64300,19.01000,25.94570,1.25000,-9999.00000,-9999.00000,-9999.00000,-9999.00000
49UP19980916,19980928,0208,24.98300,164.99200,604.20000,599.00000,7.67900,7.61852,34.08590,148.98000,26.11000,43.73380,1.78000,-9999.00000,-9999.00000,-9999.00000,-9999.00000
49UP19980916,19980928,0205,24.98300,164.99200,704.40000,699.00000,5.81330,5.75225,34.05040,114.36800,32.94000,67.00150,2.32000,-9999.00000,-9999.00000,-9999.00000,-9999.00000
49UP19980916,19980928,0202,24.98300,164.99200,805.80000,799.00000,4.61810,4.55493,34.14560,68.15250,38.54000,93.01930,2.76000,-9999.00000,-9999.00000,-9999.00000,-9999.00000
49UP19980916,19980928,0159,24.98300,164.99200,908.10000,900.00000,4.25810,4.18852,34.29380,44.26500,41.02000,105.63700,2.96000,-9999.00000,-9999.00000,-9999.00000,-9999.00000
49UP19980916,19980928,0156,24.98300,164.99200,1008.80000,1000.00000,3.81620,3.74142,34.38900,44.26500,41.54000,116.80200,3.00000,-9999.00000,-9999.00000,-9999.00000,-9999.00000
49UP19980916,19980928,0151,24.98300,164.99200,1258.00000,1246.00000,3.06050,2.97199,34.48600,55.47750,41.39000,133.96200,2.99000,-9999.00000,-9999.00000,-9999.00000,-9999.00000
49UP19980916,19980928,0147,24.98300,164.99200,1512.40000,1497.00000,2.59960,2.49543,34.54740,71.76000,40.74000,141.65600,2.93000,-9999.00000,-9999.00000,-9999.00000,-9999.00000
49UP19980916,19980928,0142,24.98300,164.99200,1765.60000,1747.00000,2.21660,2.09657,34.59100,87.36000,39.96000,147.17700,2.85000,-9999.00000,-9999.00000,-9999.00000,-9999.00000
49UP19980916,19980928,0137,24.98300,164.99200,2032.10000,2009.00000,1.95240,1.81402,34.61880,98.18250,39.39000,151.38900,2.79000,-9999.00000,-9999.00000,-9999.00000,-9999.00000
49UP19980916,19980928,0830,23.97100,164.98800,0.00000,0.00000,28.44530,28.44530,34.92140,-9999.00000,-9999.00000,-9999.00000,-9999.00000,-9999.00000,-9999.00000,-9999.00000,-9999.00000
49UP19980916,19980928,0825,23.97100,164.98800,103.40000,103.00000,21.46240,21.44230,35.00690,-9999.00000,-9999.00000,-9999.00000,-9999.00000,-9999.00000,-9999.00000,-9999.00000,-9999.00000
49UP19980916,19980928,0826,23.97100,164.98800,104.90000,104.00000,21.43750,21.41710,35.00050,-9999.00000,-9999.00000,-9999.00000,-9999.00000,-9999.00000,-9999.00000,-9999.00000,-9999.00000
49UP19980916,19980928,0826,23.97100,164.98800,105.30000,105.00000,21.37580,21.35540,34.99300,-9999.00000,-9999.00000,-9999.00000,-9999.00000,-9999.00000,-9999.00000,-9999.00000,-9999.00000
49UP19980916,19980928,0819,23.97100,164.98800,305.90000,304.00000,15.67690,15.62910,34.69470,-9999.00000,-9999.00000,-9999.00000,-9999.00000,-9999.00000,-9999.00000,-9999.00000,-9999.00000
49UP19980916,19980928,0820,23.97100,164.98800,313.30000,311.00000,15.54350,15.49480,34.68820,-9999.00000,-9999.00000,-9999.00000,-9999.00000,-9999.00000,-9999.00000,-9999.00000,-9999.00000
49UP19980916,19980928,0820,23.97100,164.98800,316.40000,314.00000,15.46740,15.41840,34.67370,-9999.00000,-9999.00000,-9999.00000,-9999.00000,-9999.00000,-9999.00000,-9999.00000,-9999.00000
49UP19980916,19980928,0808,23.97100,164.98800,709.20000,704.00000,5.69550,5.63460,34.08830,-9999.00000,-9999.00000,-9999.00000,-9999.00000,-9999.00000,-9999.00000,-9999.00000,-9999.00000
49UP19980916,19980928,0809,23.97100,164.98800,710.40000,705.00000,5.67880,5.61789,34.08640,-9999.00000,-9999.00000,-9999.00000,-9999.00000,-9999.00000,-9999.00000,-9999.00000,-9999.00000
49UP19980916,19980928,0809,23.97100,164.98800,714.00000,708.00000,5.64210,5.58105,34.09480,-9999.00000,-9999.00000,-9999.00000,-9999.00000,-9999.00000,-9999.00000,-9999.00000,-9999.00000
49UP19980916,19980928,0810,23.97100,164.98800,716.60000,711.00000,5.60460,5.54352,34.09550,-9999.00000,-9999.00000,-9999.00000,-9999.00000,-9999.00000,-9999.00000,-9999.00000,-9999.00000
49UP19980916,19980928,0810,23.97100,164.98800,720.60000,715.00000,5.53220,5.47116,34.09600,-9999.00000,-9999.00000,-9999.00000,-9999.00000,-9999.00000,-9999.00000,-9999.00000,-9999.00000
49UP19980916,19980928,0800,23.97100,164.98800,1008.40000,1000.00000,3.91770,3.84219,34.37540,-9999.00000,-9999.00000,-9999.00000,-9999.00000,-9999.00000,-9999.00000,-9999.00000,-9999.00000
49UP19980916,19980928,0800,23.97100,164.98800,1010.70000,1002.00000,3.92000,3.84429,34.37070,-9999.00000,-9999.00000,-9999.00000,-9999.00000,-9999.00000,-9999.00000,-9999.00000,-9999.00000
49UP19980916,19980928,0801,23.97100,164.98800,1011.00000,1002.00000,3.91730,3.84158,34.37380,-9999.00000,-9999.00000,-9999.00000,-9999.00000,-9999.00000,-9999.00000,-9999.00000,-9999.00000
49UP19980916,19980928,0801,23.97100,164.98800,1012.80000,1004.00000,3.91390,3.83805,34.37480,-9999.00000,-9999.00000,-9999.00000,-9999.00000,-9999.00000,-9999.00000,-9999.00000,-9999.00000
49UP19980916,19980928,0801,23.97100,164.98800,1012.80000,1004.00000,3.91630,3.84044,34.37260,-9999.00000,-9999.00000,-9999.00000,-9999.00000,-9999.00000,-9999.00000,-9999.00000,-9999.00000
49UP19980916,19980928,0802,23.97100,164.98800,1015.30000,1006.00000,3.90610,3.83011,34.37480,-9999.00000,-9999.00000,-9999.00000,-9999.00000,-9999.00000,-9999.00000,-9999.00000,-9999.00000
49UP19980916,19980928,0745,23.97100,164.98800,1999.60000,1977.00000,2.06810,1.93072,34.60530,-9999.00000,-9999.00000,-9999.00000,-9999.00000,-9999.00000,-9999.00000,-9999.00000,-9999.00000
49UP19980916,19980928,0744,23.97100,164.98800,2005.70000,1983.00000,2.06240,1.92459,34.60660,-9999.00000,-9999.00000,-9999.00000,-9999.00000,-9999.00000,-9999.00000,-9999.00000,-9999.00000
49UP19980916,19980928,0744,23.97100,164.98800,2010.90000,1989.00000,2.05550,1.91736,34.60750,-9999.00000,-9999.00000,-9999.00000,-9999.00000,-9999.00000,-9999.00000,-9999.00000,-9999.00000
49UP19980916,19980928,0744,23.97100,164.98800,2014.60000,1992.00000,2.05340,1.91498,34.60560,-9999.00000,-9999.00000,-9999.00000,-9999.00000,-9999.00000,-9999.00000,-9999.00000,-9999.00000
49UP19980916,19980928,0743,23.97100,164.98800,2019.90000,1997.00000,2.04960,1.91078,34.60800,-9999.00000,-9999.00000,-9999.00000,-9999.00000,-9999.00000,-9999.00000,-9999.00000,-9999.00000
49UP19980916,19980928,0743,23.97100,164.98800,2024.80000,2002.00000,2.04010,1.90099,34.61520,-9999.00000,-9999.00000,-9999.00000,-9999.00000,-9999.00000,-9999.00000,-9999.00000,-9999.00000
49UP19980916,19980928,2005,21.99800,165.00000,0.00000,0.00000,28.26990,28.26990,34.94270,-9999.00000,0.20000,1.56560,0.04000,-9999.00000,-9999.00000,-9999.00000,-9999.00000
49UP19980916,19980928,2002,21.99800,165.00000,9.80000,10.00000,28.27340,28.27110,34.95360,196.07200,0.14000,1.99820,0.03000,-9999.00000,-9999.00000,-9999.00000,-9999.00000
49UP19980916,19980928,2001,21.99800,165.00000,25.20000,25.00000,28.27390,28.26790,34.95670,199.38700,0.12000,1.55530,0.03000,-9999.00000,-9999.00000,-9999.00000,-9999.00000
49UP19980916,19980928,2000,21.99800,165.00000,52.10000,52.00000,28.28240,28.27000,34.95910,196.46200,0.11000,1.75100,0.03000,-9999.00000,-9999.00000,-9999.00000,-9999.00000
49UP19980916,19980928,1959,21.99800,165.00000,75.10000,75.00000,26.86600,26.84880,35.04540,212.45200,0.11000,1.58620,0.02000,-9999.00000,-9999.00000,-9999.00000,-9999.00000
49UP19980916,19980928,1957,21.99800,165.00000,101.80000,101.00000,25.52760,25.50520,35.09470,206.79800,0.07000,1.51410,0.02000,-9999.00000,-9999.00000,-9999.00000,-9999.00000
49UP19980916,19980928,1956,21.99800,165.00000,125.10000,124.00000,24.40320,24.37650,35.12610,202.99500,0.00000,1.56560,0.03000,-9999.00000,-9999.00000,-9999.00000,-9999.00000
49UP19980916,19980928,1955,21.99800,165.00000,151.60000,151.00000,22.89910,22.86820,35.14080,-9999.00000,0.24000,1.69950,0.06000,-9999.00000,-9999.00000,-9999.00000,-9999.00000
49UP19980916,19980928,1953,21.99800,165.00000,201.10000,200.00000,20.12660,20.08920,35.03060,192.27000,1.28000,2.50290,0.16000,-9999.00000,-9999.00000,-9999.00000,-9999.00000
49UP19980916,19980928,1951,21.99800,165.00000,250.30000,249.00000,18.08980,18.04660,34.88310,189.34500,2.92000,3.52260,0.25000,-9999.00000,-9999.00000,-9999.00000,-9999.00000
49UP19980916,19980928,1950,21.99800,165.00000,301.40000,299.00000,16.32030,16.27190,34.74350,200.26500,4.72000,5.47960,0.37000,-9999.00000,-9999.00000,-9999.00000,-9999.00000
49UP19980916,19980928,1947,21.99800,165.00000,403.70000,401.00000,13.32580,13.26920,34.49650,191.68500,9.89000,11.86560,0.77000,-9999.00000,-9999.00000,-9999.00000,-9999.00000
49UP19980916,19980928,1945,21.99800,165.00000,502.70000,499.00000,10.11690,10.05780,34.22860,160.09500,18.28000,25.77060,1.40000,-9999.00000,-9999.00000,-9999.00000,-9999.00000
49UP19980916,19980928,1942,21.99800,165.00000,604.80000,600.00000,7.57660,7.51647,34.14250,111.75600,27.26000,48.27610,2.07000,-9999.00000,-9999.00000,-9999.00000,-9999.00000
49UP19980916,19980928,1940,21.99800,165.00000,703.90000,698.00000,6.17140,6.10834,34.17920,64.83750,32.29110,68.20260,2.43813,-9999.00000,-9999.00000,-9999.00000,-9999.00000
49UP19980916,19980928,1938,21.99800,165.00000,806.70000,800.00000,5.08240,5.01612,34.26440,54.50250,37.51000,87.73540,2.82000,-9999.00000,-9999.00000,-9999.00000,-9999.00000
49UP19980916,19980928,1935,21.99800,165.00000,906.70000,899.00000,4.46570,4.39472,34.33510,49.33500,39.69000,102.08300,2.93000,-9999.00000,-9999.00000,-9999.00000,-9999.00000
49UP19980916,19980928,1933,21.99800,165.00000,1006.40000,998.00000,4.16160,4.08427,34.43140,57.52500,39.80000,108.38700,2.92000,-9999.00000,-9999.00000,-9999.00000,-9999.00000
49UP19980916,19980928,1928,21.99800,165.00000,1260.80000,1249.00000,3.36210,3.27037,34.51820,72.24750,39.87000,123.94000,2.89000,-9999.00000,-9999.00000,-9999.00000,-9999.00000
49UP19980916,19980928,1924,21.99800,165.00000,1513.70000,1499.00000,2.77580,2.66946,34.55580,81.02250,39.91000,135.45500,2.87000,-9999.00000,-9999.00000,-9999.00000,-9999.00000
49UP19980916,19980928,1920,21.99800,165.00000,1767.90000,1749.00000,2.33490,2.21309,34.58790,90.57750,39.68000,143.63300,2.83000,-9999.00000,-9999.00000,-9999.00000,-9999.00000
49UP19980916,19980928,1915,21.99800,165.00000,2030.40000,2008.00000,2.07100,1.93096,34.60980,-9999.00000,39.50000,147.90800,2.80000,-9999.00000,-9999.00000,-9999.00000,-9999.00000
49UP19980916,19980929,0809,19.99680,164.99500,0.00000,0.00000,28.78810,28.78810,35.03640,-9999.00000,-9999.00000,-9999.00000,-9999.00000,-9999.00000,-9999.00000,-9999.00000,-9999.00000
49UP19980916,19980929,0807,19.99680,164.99500,10.10000,10.00000,28.62940,28.62700,35.06020,-9999.00000,-9999.00000,-9999.00000,-9999.00000,-9999.00000,-9999.00000,-9999.00000,-9999.00000
49UP19980916,19980929,0806,19.99680,164.99500,25.20000,25.00000,28.31850,28.31250,35.02940,-9999.00000,-9999.00000,-9999.00000,-9999.00000,-9999.00000,-9999.00000,-9999.00000,-9999.00000
49UP19980916,19980929,0805,19.99680,164.99500,52.20000,52.00000,28.23620,28.22380,35.03360,-9999.00000,-9999.00000,-9999.00000,-9999.00000,-9999.00000,-9999.00000,-9999.00000,-9999.00000
49UP19980916,19980929,0803,19.99680,164.99500,76.50000,76.00000,25.56170,25.54480,35.08400,-9999.00000,-9999.00000,-9999.00000,-9999.00000,-9999.00000,-9999.00000,-9999.00000,-9999.00000
49UP19980916,19980929,1540,19.99680,164.99500,99.60000,99.00000,25.31030,25.28850,35.07560,-9999.00000,-9999.00000,-9999.00000,-9999.00000,-9999.00000,-9999.00000,-9999.00000,-9999.00000
49UP19980916,19980929,1541,19.99680,164.99500,100.00000,99.00000,25.46250,25.44050,35.07600,-9999.00000,-9999.00000,-9999.00000,-9999.00000,-9999.00000,-9999.00000,-9999.00000,-9999.00000
49UP19980916,19980929,1540,19.99680,164.99500,100.30000,100.00000,25.37490,25.35290,35.06780,-9999.00000,-9999.00000,-9999.00000,-9999.00000,-9999.00000,-9999.00000,-9999.00000,-9999.00000
49UP19980916,19980929,0802,19.99680,164.99500,101.50000,101.00000,23.96890,23.94750,35.19420,-9999.00000,-9999.00000,-9999.00000,-9999.00000,-9999.00000,-9999.00000,-9999.00000,-9999.00000
49UP19980916,19980929,0801,19.99680,164.99500,125.70000,125.00000,22.96040,22.93480,35.09860,-9999.00000,-9999.00000,-9999.00000,-9999.00000,-9999.00000,-9999.00000,-9999.00000,-9999.00000
49UP19980916,19980929,0759,19.99680,164.99500,151.30000,150.00000,21.92050,21.89060,35.08470,-9999.00000,-9999.00000,-9999.00000,-9999.00000,-9999.00000,-9999.00000,-9999.00000,-9999.00000
49UP19980916,19980929,1536,19.99680,164.99500,200.00000,199.00000,19.05180,19.01610,34.94450,-9999.00000,-9999.00000,-9999.00000,-9999.00000,-9999.00000,-9999.00000,-9999.00000,-9999.00000
49UP19980916,19980929,1537,19.99680,164.99500,200.60000,199.00000,19.03130,18.99550,34.95850,-9999.00000,-9999.00000,-9999.00000,-9999.00000,-9999.00000,-9999.00000,-9999.00000,-9999.00000
49UP19980916,19980929,1537,19.99680,164.99500,201.40000,200.00000,19.01370,18.97780,34.95270,-9999.00000,-9999.00000,-9999.00000,-9999.00000,-9999.00000,-9999.00000,-9999.00000,-9999.00000
49UP19980916,19980929,0757,19.99680,164.99500,202.70000,201.00000,19.01800,18.98180,34.96440,-9999.00000,-9999.00000,-9999.00000,-9999.00000,-9999.00000,-9999.00000,-9999.00000,-9999.00000
49UP19980916,19980929,0756,19.99680,164.99500,252.90000,251.00000,16.97950,16.93780,34.81060,-9999.00000,-9999.00000,-9999.00000,-9999.00000,-9999.00000,-9999.00000,-9999.00000,-9999.00000
49UP19980916,19980929,0754,19.99680,164.99500,302.40000,300.00000,14.91960,14.87400,34.61310,-9999.00000,-9999.00000,-9999.00000,-9999.00000,-9999.00000,-9999.00000,-9999.00000,-9999.00000
49UP19980916,19980929,0752,19.99680,164.99500,403.30000,400.00000,11.17930,11.12900,34.29170,-9999.00000,-9999.00000,-9999.00000,-9999.00000,-9999.00000,-9999.00000,-9999.00000,-9999.00000
49UP19980916,19980929,0749,19.99680,164.99500,503.10000,499.00000,8.32480,8.27231,34.14760,-9999.00000,-9999.00000,-9999.00000,-9999.00000,-9999.00000,-9999.00000,-9999.00000,-9999.00000
49UP19980916,19980929,1527,19.99680,164.99500,603.60000,599.00000,6.62560,6.56993,34.11480,-9999.00000,-9999.00000,-9999.00000,-9999.00000,-9999.00000,-9999.00000,-9999.00000,-9999.00000
49UP19980916,19980929,1527,19.99680,164.99500,605.10000,601.00000,6.62410,6.56830,34.10670,-9999.00000,-9999.00000,-9999.00000,-9999.00000,-9999.00000,-9999.00000,-9999.00000,-9999.00000
49UP19980916,19980929,1528,19.99680,164.99500,605.70000,601.00000,6.62140,6.56555,34.10770,-9999.00000,-9999.00000,-9999.00000,-9999.00000,-9999.00000,-9999.00000,-9999.00000,-9999.00000
49UP19980916,19980929,0747,19.99680,164.99500,605.80000,601.00000,6.38570,6.33090,34.12990,-9999.00000,-9999.00000,-9999.00000,-9999.00000,-9999.00000,-9999.00000,-9999.00000,-9999.00000
49UP19980916,19980929,1529,19.99680,164.99500,606.10000,602.00000,6.61930,6.56342,34.10610,-9999.00000,-9999.00000,-9999.00000,-9999.00000,-9999.00000,-9999.00000,-9999.00000,-9999.00000
49UP19980916,19980929,1528,19.99680,164.99500,606.40000,602.00000,6.62030,6.56439,34.10580,-9999.00000,-9999.00000,-9999.00000,-9999.00000,-9999.00000,-9999.00000,-9999.00000,-9999.00000
49UP19980916,19980929,0745,19.99680,164.99500,704.30000,699.00000,5.52610,5.46640,34.22680,-9999.00000,-9999.00000,-9999.00000,-9999.00000,-9999.00000,-9999.00000,-9999.00000,-9999.00000
49UP19980916,19980929,0742,19.99680,164.99500,804.70000,798.00000,4.90480,4.83966,34.36480,-9999.00000,-9999.00000,-9999.00000,-9999.00000,-9999.00000,-9999.00000,-9999.00000,-9999.00000
49UP19980916,19980929,0740,19.99680,164.99500,907.10000,900.00000,4.48880,4.41747,34.44150,-9999.00000,-9999.00000,-9999.00000,-9999.00000,-9999.00000,-9999.00000,-9999.00000,-9999.00000
49UP19980916,19980929,1516,19.99680,164.99500,1007.60000,999.00000,4.10130,4.02424,34.48430,-9999.00000,-9999.00000,-9999.00000,-9999.00000,-9999.00000,-9999.00000,-9999.00000,-9999.00000
49UP19980916,19980929,0738,19.99680,164.99500,1008.20000,1000.00000,4.15290,4.07540,34.48330,-9999.00000,-9999.00000,-9999.00000,-9999.00000,-9999.00000,-9999.00000,-9999.00000,-9999.00000
49UP19980916,19980929,1517,19.99680,164.99500,1009.10000,1001.00000,4.10000,4.02283,34.48020,-9999.00000,-9999.00000,-9999.00000,-9999.00000,-9999.00000,-9999.00000,-9999.00000,-9999.00000
49UP19980916,19980929,0737,19.99680,164.99500,1009.40000,1001.00000,4.14910,4.07152,34.48750,-9999.00000,-9999.00000,-9999.00000,-9999.00000,-9999.00000,-9999.00000,-9999.00000,-9999.00000
49UP19980916,19980929,1517,19.99680,164.99500,1010.20000,1002.00000,4.09330,4.01610,34.47860,-9999.00000,-9999.00000,-9999.00000,-9999.00000,-9999.00000,-9999.00000,-9999.00000,-9999.00000
49UP19980916,19980929,1518,19.99680,164.99500,1010.40000,1002.00000,4.09020,4.01300,34.47880,-9999.00000,-9999.00000,-9999.00000,-9999.00000,-9999.00000,-9999.00000,-9999.00000,-9999.00000
49UP19980916,19980929,1518,19.99680,164.99500,1011.20000,1003.00000,4.08580,4.00857,34.47890,-9999.00000,-9999.00000,-9999.00000,-9999.00000,-9999.00000,-9999.00000,-9999.00000,-9999.00000
49UP19980916,19980929,1519,19.99680,164.99500,1011.40000,1003.00000,4.08350,4.00627,34.47830,-9999.00000,-9999.00000,-9999.00000,-9999.00000,-9999.00000,-9999.00000,-9999.00000,-9999.00000
49UP19980916,19980929,0733,19.99680,164.99500,1263.60000,1252.00000,3.24590,3.15501,34.54500,-9999.00000,-9999.00000,-9999.00000,-9999.00000,-9999.00000,-9999.00000,-9999.00000,-9999.00000
49UP19980916,19980929,0728,19.99680,164.99500,1513.30000,1499.00000,2.70020,2.59471,34.57600,-9999.00000,-9999.00000,-9999.00000,-9999.00000,-9999.00000,-9999.00000,-9999.00000,-9999.00000
49UP19980916,19980929,0724,19.99680,164.99500,1770.40000,1752.00000,2.31300,2.19124,34.59990,-9999.00000,-9999.00000,-9999.00000,-9999.00000,-9999.00000,-9999.00000,-9999.00000,-9999.00000
49UP19980916,19980929,0720,19.99680,164.99500,2031.20000,2009.00000,1.97760,1.83889,34.62360,-9999.00000,-9999.00000,-9999.00000,-9999.00000,-9999.00000,-9999.00000,-9999.00000,-9999.00000
49UP19980916,19980929,1456,19.99680,164.99500,2056.90000,2034.00000,2.02720,1.88556,34.61870,-9999.00000,-9999.00000,-9999.00000,-9999.00000,-9999.00000,-9999.00000,-9999.00000,-9999.00000
49UP19980916,19980929,1457,19.99680,164.99500,2057.50000,2035.00000,2.03140,1.88968,34.60890,-9999.00000,-9999.00000,-9999.00000,-9999.00000,-9999.00000,-9999.00000,-9999.00000,-9999.00000
49UP19980916,19980929,1457,19.99680,164.99500,2057.50000,2035.00000,2.03120,1.88948,34.60880,-9999.00000,-9999.00000,-9999.00000,-9999.00000,-9999.00000,-9999.00000,-9999.00000,-9999.00000
49UP19980916,19980929,1458,19.99680,164.99500,2058.60000,2036.00000,2.03070,1.88890,34.60950,-9999.00000,-9999.00000,-9999.00000,-9999.00000,-9999.00000,-9999.00000,-9999.00000,-9999.00000
49UP19980916,19980929,1459,19.99680,164.99500,2058.70000,2036.00000,2.03090,1.88908,34.60970,-9999.00000,-9999.00000,-9999.00000,-9999.00000,-9999.00000,-9999.00000,-9999.00000,-9999.00000
49UP19980916,19980929,1458,19.99680,164.99500,2059.00000,2036.00000,2.03070,1.88886,34.60960,-9999.00000,-9999.00000,-9999.00000,-9999.00000,-9999.00000,-9999.00000,-9999.00000,-9999.00000
49UP19980916,19980929,1125,19.99680,164.99500,3043.30000,3003.00000,1.57290,1.35032,34.67320,-9999.00000,-9999.00000,-9999.00000,-9999.00000,-9999.00000,-9999.00000,-9999.00000,-9999.00000
49UP19980916,19980929,1126,19.99680,164.99500,3044.20000,3004.00000,1.57350,1.35084,34.66820,-9999.00000,-9999.00000,-9999.00000,-9999.00000,-9999.00000,-9999.00000,-9999.00000,-9999.00000
49UP19980916,19980929,1125,19.99680,164.99500,3044.80000,3005.00000,1.57510,1.35236,34.66530,-9999.00000,-9999.00000,-9999.00000,-9999.00000,-9999.00000,-9999.00000,-9999.00000,-9999.00000
49UP19980916,19980929,1126,19.99680,164.99500,3045.70000,3005.00000,1.57450,1.35169,34.66610,-9999.00000,-9999.00000,-9999.00000,-9999.00000,-9999.00000,-9999.00000,-9999.00000,-9999.00000
49UP19980916,19980929,1127,19.99680,164.99500,3046.20000,3006.00000,1.57420,1.35133,34.66870,-9999.00000,-9999.00000,-9999.00000,-9999.00000,-9999.00000,-9999.00000,-9999.00000,-9999.00000
49UP19980916,19980929,1127,19.99680,164.99500,3046.60000,3006.00000,1.57520,1.35229,34.66430,-9999.00000,-9999.00000,-9999.00000,-9999.00000,-9999.00000,-9999.00000,-9999.00000,-9999.00000
49UP19980916,19980929,1106,19.99680,164.99500,4066.70000,4003.00000,1.43420,1.10977,34.69270,-9999.00000,-9999.00000,-9999.00000,-9999.00000,-9999.00000,-9999.00000,-9999.00000,-9999.00000
49UP19980916,19980929,1107,19.99680,164.99500,4067.30000,4004.00000,1.43770,1.11317,34.68350,-9999.00000,-9999.00000,-9999.00000,-9999.00000,-9999.00000,-9999.00000,-9999.00000,-9999.00000
49UP19980916,19980929,1107,19.99680,164.99500,4068.80000,4006.00000,1.43740,1.11270,34.68540,-9999.00000,-9999.00000,-9999.00000,-9999.00000,-9999.00000,-9999.00000,-9999.00000,-9999.00000
49UP19980916,19980929,1109,19.99680,164.99500,4068.90000,4006.00000,1.43720,1.11249,34.68560,-9999.00000,-9999.00000,-9999.00000,-9999.00000,-9999.00000,-9999.00000,-9999.00000,-9999.00000
49UP19980916,19980929,1108,19.99680,164.99500,4069.30000,4006.00000,1.43760,1.11284,34.68560,-9999.00000,-9999.00000,-9999.00000,-9999.00000,-9999.00000,-9999.00000,-9999.00000,-9999.00000
49UP19980916,19980929,1108,19.99680,164.99500,4069.30000,4006.00000,1.43790,1.11314,34.68350,-9999.00000,-9999.00000,-9999.00000,-9999.00000,-9999.00000,-9999.00000,-9999.00000,-9999.00000
49UP19980916,19980929,1048,19.99680,164.99500,5091.40000,5001.00000,1.42250,0.97961,34.69640,-9999.00000,-9999.00000,-9999.00000,-9999.00000,-9999.00000,-9999.00000,-9999.00000,-9999.00000
49UP19980916,19980929,1048,19.99680,164.99500,5091.60000,5001.00000,1.41910,0.97625,34.70330,-9999.00000,-9999.00000,-9999.00000,-9999.00000,-9999.00000,-9999.00000,-9999.00000,-9999.00000
49UP19980916,19980929,1049,19.99680,164.99500,5092.40000,5002.00000,1.42050,0.97753,34.69990,-9999.00000,-9999.00000,-9999.00000,-9999.00000,-9999.00000,-9999.00000,-9999.00000,-9999.00000
49UP19980916,19980929,1049,19.99680,164.99500,5093.70000,5003.00000,1.42120,0.97806,34.69830,-9999.00000,-9999.00000,-9999.00000,-9999.00000,-9999.00000,-9999.00000,-9999.00000,-9999.00000
49UP19980916,19980929,1049,19.99680,164.99500,5093.90000,5003.00000,1.42310,0.97987,34.69720,-9999.00000,-9999.00000,-9999.00000,-9999.00000,-9999.00000,-9999.00000,-9999.00000,-9999.00000
49UP19980916,19980929,1050,19.99680,164.99500,5094.00000,5003.00000,1.42300,0.97976,34.69740,-9999.00000,-9999.00000,-9999.00000,-9999.00000,-9999.00000,-9999.00000,-9999.00000,-9999.00000
49UP19980916,19980929,1038,19.99680,164.99500,5445.70000,5345.00000,1.44450,0.95663,34.70450,-9999.00000,-9999.00000,-9999.00000,-9999.00000,-9999.00000,-9999.00000,-9999.00000,-9999.00000
49UP19980916,19980929,1040,19.99680,164.99500,5447.40000,5346.00000,1.44740,0.95927,34.69740,-9999.00000,-9999.00000,-9999.00000,-9999.00000,-9999.00000,-9999.00000,-9999.00000,-9999.00000
49UP19980916,19980929,1039,19.99680,164.99500,5447.50000,5346.00000,1.44710,0.95897,34.69720,-9999.00000,-9999.00000,-9999.00000,-9999.00000,-9999.00000,-9999.00000,-9999.00000,-9999.00000
49UP19980916,19980929,1039,19.99680,164.99500,5447.60000,5346.00000,1.44750,0.95935,34.69590,-9999.00000,-9999.00000,-9999.00000,-9999.00000,-9999.00000,-9999.00000,-9999.00000,-9999.00000
49UP19980916,19980929,1041,19.99680,164.99500,5448.00000,5347.00000,1.44790,0.95968,34.69670,-9999.00000,-9999.00000,-9999.00000,-9999.00000,-9999.00000,-9999.00000,-9999.00000,-9999.00000
49UP19980916,19980929,1040,19.99680,164.99500,5448.10000,5347.00000,1.44790,0.95966,34.69740,-9999.00000,-9999.00000,-9999.00000,-9999.00000,-9999.00000,-9999.00000,-9999.00000,-9999.00000
49UP19980916,19980930,0312,18.00200,165.00100,0.00000,0.00000,29.37980,29.37980,34.74490,195.68200,0.14000,1.20510,0.06000,-9999.00000,-9999.00000,-9999.00000,-9999.00000
49UP19980916,19980930,0310,18.00200,165.00100,11.00000,11.00000,28.61780,28.61520,34.84340,194.31800,0.07000,1.63770,0.04000,-9999.00000,-9999.00000,-9999.00000,-9999.00000
49UP19980916,19980930,0308,18.00200,165.00100,24.90000,25.00000,28.60010,28.59410,34.84160,197.04800,0.07000,0.92700,0.03000,-9999.00000,-9999.00000,-9999.00000,-9999.00000
49UP19980916,19980930,0307,18.00200,165.00100,49.10000,49.00000,28.50650,28.49480,34.86770,197.73000,0.04000,1.06090,0.03000,-9999.00000,-9999.00000,-9999.00000,-9999.00000
49UP19980916,19980930,0305,18.00200,165.00100,75.30000,75.00000,27.00240,26.98510,34.96330,211.08700,0.05000,1.13300,0.03000,-9999.00000,-9999.00000,-9999.00000,-9999.00000
49UP19980916,19980930,0304,18.00200,165.00100,99.60000,99.00000,24.98790,24.96630,35.03430,206.40800,0.00000,1.15360,0.03000,-9999.00000,-9999.00000,-9999.00000,-9999.00000
49UP19980916,19980930,0302,18.00200,165.00100,125.40000,125.00000,23.00770,22.98210,35.07030,194.61000,0.29000,1.74070,0.08000,-9999.00000,-9999.00000,-9999.00000,-9999.00000
49UP19980916,19980930,0301,18.00200,165.00100,150.20000,149.00000,21.61730,21.58800,35.04100,189.24700,0.84000,1.79220,0.13000,-9999.00000,-9999.00000,-9999.00000,-9999.00000
49UP19980916,19980930,0259,18.00200,165.00100,200.80000,200.00000,18.80420,18.76870,34.93150,192.85500,2.91000,2.91490,0.23000,-9999.00000,-9999.00000,-9999.00000,-9999.00000
49UP19980916,19980930,0256,18.00200,165.00100,250.70000,249.00000,16.66720,16.62640,34.76420,183.69000,6.30000,5.64440,0.45000,-9999.00000,-9999.00000,-9999.00000,-9999.00000
49UP19980916,19980930,0254,18.00200,165.00100,302.10000,300.00000,14.38070,14.33630,34.51660,170.13700,11.44000,10.17640,0.80000,-9999.00000,-9999.00000,-9999.00000,-9999.00000
49UP19980916,19980930,0252,18.00200,165.00100,401.00000,398.00000,10.30610,10.25860,34.24760,123.24800,21.63090,28.39650,1.55948,-9999.00000,-9999.00000,-9999.00000,-9999.00000
49UP19980916,19980930,0249,18.00200,165.00100,504.10000,501.00000,8.04910,7.99742,34.28670,74.10000,32.12000,47.39030,2.32000,-9999.00000,-9999.00000,-9999.00000,-9999.00000
49UP19980916,19980930,0247,18.00200,165.00100,604.20000,600.00000,6.32790,6.27333,34.32330,55.28250,36.84000,68.58770,2.66000,-9999.00000,-9999.00000,-9999.00000,-9999.00000
49UP19980916,19980930,0245,18.00200,165.00100,704.00000,699.00000,5.70100,5.64020,34.39730,51.67500,38.69000,78.17700,2.80000,-9999.00000,-9999.00000,-9999.00000,-9999.00000
49UP19980916,19980930,0242,18.00200,165.00100,805.30000,799.00000,5.29210,5.22441,34.44900,55.77000,39.31000,84.73810,2.83000,-9999.00000,-9999.00000,-9999.00000,-9999.00000
49UP19980916,19980930,0240,18.00200,165.00100,907.10000,900.00000,4.79490,4.72137,34.48920,59.96250,39.71000,93.34890,2.86000,-9999.00000,-9999.00000,-9999.00000,-9999.00000
49UP19980916,19980930,0238,18.00200,165.00100,1008.10000,1000.00000,4.34270,4.26368,34.51440,66.98250,39.82000,101.31100,2.86000,-9999.00000,-9999.00000,-9999.00000,-9999.00000
49UP19980916,19980930,0233,18.00200,165.00100,1261.50000,1250.00000,3.49720,3.40403,34.55210,74.39250,40.10000,118.29600,2.88000,-9999.00000,-9999.00000,-9999.00000,-9999.00000
49UP19980916,19980930,0229,18.00200,165.00100,1513.30000,1499.00000,2.91700,2.80900,34.57700,82.09500,40.00000,130.24300,2.86000,-9999.00000,-9999.00000,-9999.00000,-9999.00000
49UP19980916,19980930,0225,18.00200,165.00100,1767.20000,1749.00000,2.45080,2.32745,34.59960,92.43000,39.47000,138.95700,2.81000,-9999.00000,-9999.00000,-9999.00000,-9999.00000
49UP19980916,19980930,0219,18.00200,165.00100,2040.40000,2018.00000,2.11810,1.97646,34.61770,102.08200,39.10000,145.28100,2.77000,-9999.00000,-9999.00000,-9999.00000,-9999.00000
49UP19980916,19980930,1512,15.99500,164.99700,0.00000,0.00000,29.17320,29.17320,34.94610,193.53800,0.16000,1.32870,0.07000,-9999.00000,-9999.00000,-9999.00000,-9999.00000
49UP19980916,19980930,1510,15.99500,164.99700,11.50000,11.00000,29.09660,29.09380,34.94080,192.85500,0.11000,1.26690,0.07000,-9999.00000,-9999.00000,-9999.00000,-9999.00000
49UP19980916,19980930,1509,15.99500,164.99700,25.00000,25.00000,28.99020,28.98420,34.93950,196.56000,0.09000,1.49350,0.06000,-9999.00000,-9999.00000,-9999.00000,-9999.00000
49UP19980916,19980930,1507,15.99500,164.99700,50.00000,50.00000,28.91160,28.89950,34.94860,194.12200,0.07000,1.26690,0.06000,-9999.00000,-9999.00000,-9999.00000,-9999.00000
49UP19980916,19980930,1506,15.99500,164.99700,74.90000,74.00000,28.46010,28.44220,34.92030,201.33700,0.10000,1.28750,0.05000,-9999.00000,-9999.00000,-9999.00000,-9999.00000
49UP19980916,19980930,1504,15.99500,164.99700,100.00000,99.00000,26.60860,26.58590,34.96350,207.96700,0.09000,1.24630,0.04000,-9999.00000,-9999.00000,-9999.00000,-9999.00000
49UP19980916,19980930,1503,15.99500,164.99700,125.20000,124.00000,24.43000,24.40330,35.03220,197.82700,0.14000,1.47290,0.06000,-9999.00000,-9999.00000,-9999.00000,-9999.00000
49UP19980916,19980930,1501,15.99500,164.99700,150.00000,149.00000,23.10320,23.07250,35.04860,193.34200,0.35000,1.43170,0.09000,-9999.00000,-9999.00000,-9999.00000,-9999.00000
49UP19980916,19980930,1459,15.99500,164.99700,200.10000,199.00000,19.33250,19.29640,34.94240,176.96200,3.39000,3.29600,0.31000,-9999.00000,-9999.00000,-9999.00000,-9999.00000
49UP19980916,19980930,1457,15.99500,164.99700,251.10000,249.00000,16.02570,15.98600,34.64720,178.52300,7.57000,6.83920,0.54000,-9999.00000,-9999.00000,-9999.00000,-9999.00000
49UP19980916,19980930,1455,15.99500,164.99700,302.00000,300.00000,13.12030,13.07860,34.40680,167.31000,13.93000,13.45180,0.97000,-9999.00000,-9999.00000,-9999.00000,-9999.00000
49UP19980916,19980930,1453,15.99500,164.99700,402.60000,400.00000,8.85170,8.80834,34.20230,117.58500,26.73000,37.36840,1.90000,-9999.00000,-9999.00000,-9999.00000,-9999.00000
49UP19980916,19980930,1451,15.99500,164.99700,503.30000,500.00000,6.90680,6.85956,34.22780,74.88000,34.31000,59.54430,2.45000,-9999.00000,-9999.00000,-9999.00000,-9999.00000
49UP19980916,19980930,1448,15.99500,164.99700,604.30000,600.00000,6.05340,6.00005,34.35850,57.03750,37.54000,72.93430,2.70000,-9999.00000,-9999.00000,-9999.00000,-9999.00000
49UP19980916,19980930,1446,15.99500,164.99700,705.40000,700.00000,5.51710,5.45711,34.44140,61.42500,38.57000,80.77260,2.76000,-9999.00000,-9999.00000,-9999.00000,-9999.00000
49UP19980916,19980930,1430,15.99500,164.99700,806.20000,800.00000,5.07980,5.01330,34.47910,66.88500,38.96000,87.98260,2.78000,-9999.00000,-9999.00000,-9999.00000,-9999.00000
49UP19980916,19980930,1428,15.99500,164.99700,907.70000,900.00000,4.61800,4.54563,34.50180,69.22500,39.37000,96.08870,2.81000,-9999.00000,-9999.00000,-9999.00000,-9999.00000
49UP19980916,19980930,1425,15.99500,164.99700,1008.60000,1000.00000,4.29130,4.21256,34.56170,72.93000,39.59000,102.14500,2.83000,-9999.00000,-9999.00000,-9999.00000,-9999.00000
49UP19980916,19980930,1421,15.99500,164.99700,1261.40000,1250.00000,3.47870,3.38570,34.56170,74.68500,40.32000,117.71900,2.89000,-9999.00000,-9999.00000,-9999.00000,-9999.00000
49UP19980916,19980930,1416,15.99500,164.99700,1514.90000,1500.00000,2.84060,2.73332,34.58930,86.09250,40.03000,131.06800,2.85000,-9999.00000,-9999.00000,-9999.00000,-9999.00000
49UP19980916,19980930,1412,15.99500,164.99700,1768.40000,1751.00000,2.41390,2.29093,34.60570,93.50250,39.68000,139.78100,2.81000,-9999.00000,-9999.00000,-9999.00000,-9999.00000
49UP19980916,19980930,1407,15.99500,164.99700,2035.30000,2013.00000,2.10120,1.96021,34.62980,104.91000,39.10000,144.85900,2.77000,-9999.00000,-9999.00000,-9999.00000,-9999.00000
49UP19980916,19981012,0630,14.99180,164.96500,0.00000,0.00000,28.83840,28.83840,34.90750,193.53800,0.28000,1.21540,0.08000,-9999.00000,-9999.00000,-9999.00000,-9999.00000
49UP19980916,19981012,0627,14.99180,164.96500,9.60000,10.00000,28.83820,28.83590,34.91230,194.61000,0.22000,1.82310,0.08000,-9999.00000,-9999.00000,-9999.00000,-9999.00000
49UP19980916,19981012,0626,14.99180,164.96500,28.00000,28.00000,28.83400,28.82730,34.91680,196.46200,0.24000,1.36990,0.07000,-9999.00000,-9999.00000,-9999.00000,-9999.00000
49UP19980916,19981012,0625,14.99180,164.96500,49.50000,49.00000,28.78330,28.77140,34.92250,193.92800,0.26000,1.25660,0.07000,-9999.00000,-9999.00000,-9999.00000,-9999.00000
49UP19980916,19981012,0623,14.99180,164.96500,75.40000,75.00000,28.72240,28.70430,34.92770,195.97500,0.23000,1.15360,0.07000,-9999.00000,-9999.00000,-9999.00000,-9999.00000
49UP19980916,19981012,0622,14.99180,164.96500,99.90000,99.00000,27.14590,27.12290,34.90010,207.67500,0.22000,1.61710,0.05000,-9999.00000,-9999.00000,-9999.00000,-9999.00000
49UP19980916,19981012,0621,14.99180,164.96500,125.70000,125.00000,26.15300,26.12480,34.96060,202.31200,0.19000,1.33900,0.05000,-9999.00000,-9999.00000,-9999.00000,-9999.00000
49UP19980916,19981012,0619,14.99180,164.96500,151.30000,150.00000,23.98860,23.95670,35.01560,191.68500,0.36000,1.43170,0.10000,-9999.00000,-9999.00000,-9999.00000,-9999.00000
49UP19980916,19981012,0614,14.99180,164.96500,201.00000,200.00000,20.20020,20.16280,34.97090,176.96200,3.20000,2.86340,0.29000,-9999.00000,-9999.00000,-9999.00000,-9999.00000
49UP19980916,19981012,0612,14.99180,164.96500,252.30000,251.00000,15.88160,15.84190,34.63410,163.80000,9.38000,7.67350,0.68000,-9999.00000,-9999.00000,-9999.00000,-9999.00000
49UP19980916,19981012,0610,14.99180,164.96500,302.20000,300.00000,12.92120,12.87990,34.38100,144.58500,13.91000,13.60630,0.97000,-9999.00000,-9999.00000,-9999.00000,-9999.00000
49UP19980916,19981012,0608,14.99180,164.96500,402.70000,400.00000,8.82840,8.78508,34.24490,105.88500,27.82000,38.00700,2.00000,-9999.00000,-9999.00000,-9999.00000,-9999.00000
49UP19980916,19981012,0605,14.99180,164.96500,503.60000,500.00000,7.12350,7.07534,34.31430,63.18000,34.95000,57.54610,2.51000,-9999.00000,-9999.00000,-9999.00000,-9999.00000
49UP19980916,19981012,0603,14.99180,164.96500,605.40000,601.00000,6.31980,6.26503,34.45690,48.16500,38.59000,68.50530,2.77000,-9999.00000,-9999.00000,-9999.00000,-9999.00000
49UP19980916,19981012,0600,14.99180,164.96500,704.40000,699.00000,5.73400,5.67289,34.47780,56.06250,39.23000,76.37450,2.80000,-9999.00000,-9999.00000,-9999.00000,-9999.00000
49UP19980916,19981012,0557,14.99180,164.96500,806.70000,800.00000,5.19190,5.12463,34.50000,57.13500,40.08000,85.08830,2.85000,-9999.00000,-9999.00000,-9999.00000,-9999.00000
49UP19980916,19981012,0555,14.99180,164.96500,908.20000,901.00000,4.82640,4.75251,34.51890,58.20830,40.82730,92.14060,2.92041,-9999.00000,-9999.00000,-9999.00000,-9999.00000
49UP19980916,19981012,0552,14.99180,164.96500,1007.40000,999.00000,4.42570,4.34607,34.53200,59.28000,41.30000,98.85940,2.97000,-9999.00000,-9999.00000,-9999.00000,-9999.00000
49UP19980916,19981012,0548,14.99180,164.96500,1258.80000,1248.00000,3.53100,3.43770,34.56450,70.10250,41.15000,116.68900,2.92000,-9999.00000,-9999.00000,-9999.00000,-9999.00000
49UP19980916,19981012,0543,14.99180,164.96500,1513.50000,1499.00000,2.81930,2.71238,34.58870,85.31250,40.46000,130.89200,2.85000,-9999.00000,-9999.00000,-9999.00000,-9999.00000
49UP19980916,19981012,0539,14.99180,164.96500,1767.60000,1750.00000,2.42010,2.29708,34.61520,95.74500,39.98000,138.19500,2.79000,-9999.00000,-9999.00000,-9999.00000,-9999.00000
49UP19980916,19981012,0534,14.99180,164.96500,2027.20000,2006.00000,2.14000,1.99911,34.62850,105.20200,39.44000,143.26300,2.75000,-9999.00000,-9999.00000,-9999.00000,-9999.00000
49UP19980916,19981012,1415,14.00320,164.98100,302.40000,300.00000,13.68860,13.64560,34.49530,-9999.00000,-9999.00000,-9999.00000,-9999.00000,-9999.00000,-9999.00000,-9999.00000,-9999.00000
49UP19980916,19981012,1415,14.00320,164.98100,304.30000,302.00000,13.53960,13.49660,34.49810,-9999.00000,-9999.00000,-9999.00000,-9999.00000,-9999.00000,-9999.00000,-9999.00000,-9999.00000
49UP19980916,19981012,1400,14.00320,164.98100,1006.60000,998.00000,4.33760,4.25871,34.53980,-9999.00000,-9999.00000,-9999.00000,-9999.00000,-9999.00000,-9999.00000,-9999.00000,-9999.00000
49UP19980916,19981012,1402,14.00320,164.98100,1008.30000,1000.00000,4.34130,4.26226,34.52590,-9999.00000,-9999.00000,-9999.00000,-9999.00000,-9999.00000,-9999.00000,-9999.00000,-9999.00000
49UP19980916,19981012,1403,14.00320,164.98100,1009.10000,1001.00000,4.34460,4.26545,34.53520,-9999.00000,-9999.00000,-9999.00000,-9999.00000,-9999.00000,-9999.00000,-9999.00000,-9999.00000
49UP19980916,19981012,1401,14.00320,164.98100,1009.80000,1002.00000,4.33720,4.25805,34.53460,-9999.00000,-9999.00000,-9999.00000,-9999.00000,-9999.00000,-9999.00000,-9999.00000,-9999.00000
49UP19980916,19981012,1402,14.00320,164.98100,1009.90000,1002.00000,4.34310,4.26390,34.53240,-9999.00000,-9999.00000,-9999.00000,-9999.00000,-9999.00000,-9999.00000,-9999.00000,-9999.00000
49UP19980916,19981012,1401,14.00320,164.98100,1010.20000,1002.00000,4.33910,4.25990,34.53180,-9999.00000,-9999.00000,-9999.00000,-9999.00000,-9999.00000,-9999.00000,-9999.00000,-9999.00000
49UP19980916,19981012,1403,14.00320,164.98100,1011.00000,1003.00000,4.34230,4.26300,34.53740,-9999.00000,-9999.00000,-9999.00000,-9999.00000,-9999.00000,-9999.00000,-9999.00000,-9999.00000
49UP19980916,19981012,1328,14.00320,164.98100,3040.80000,3001.00000,1.66750,1.44308,34.66720,-9999.00000,-9999.00000,-9999.00000,-9999.00000,-9999.00000,-9999.00000,-9999.00000,-9999.00000
49UP19980916,19981012,1327,14.00320,164.98100,3041.10000,3002.00000,1.66580,1.44135,34.67420,-9999.00000,-9999.00000,-9999.00000,-9999.00000,-9999.00000,-9999.00000,-9999.00000,-9999.00000
49UP19980916,19981012,1329,14.00320,164.98100,3041.90000,3003.00000,1.66830,1.44380,34.65910,-9999.00000,-9999.00000,-9999.00000,-9999.00000,-9999.00000,-9999.00000,-9999.00000,-9999.00000
49UP19980916,19981012,1329,14.00320,164.98100,3042.70000,3003.00000,1.66740,1.44280,34.66660,-9999.00000,-9999.00000,-9999.00000,-9999.00000,-9999.00000,-9999.00000,-9999.00000,-9999.00000
49UP19980916,19981012,1328,14.00320,164.98100,3043.20000,3004.00000,1.66840,1.44373,34.66620,-9999.00000,-9999.00000,-9999.00000,-9999.00000,-9999.00000,-9999.00000,-9999.00000,-9999.00000
49UP19980916,19981012,1330,14.00320,164.98100,3043.40000,3004.00000,1.66710,1.44244,34.66680,-9999.00000,-9999.00000,-9999.00000,-9999.00000,-9999.00000,-9999.00000,-9999.00000,-9999.00000
49UP19980916,19981012,1329,14.00320,164.98100,3043.80000,3004.00000,1.66720,1.44250,34.66720,-9999.00000,-9999.00000,-9999.00000,-9999.00000,-9999.00000,-9999.00000,-9999.00000,-9999.00000
49UP19980916,19981012,1253,14.00320,164.98100,5422.60000,5324.00000,1.39620,0.91300,34.70430,-9999.00000,-9999.00000,-9999.00000,-9999.00000,-9999.00000,-9999.00000,-9999.00000,-9999.00000
49UP19980916,19981012,1251,14.00320,164.98100,5423.10000,5324.00000,1.39750,0.91421,34.70180,-9999.00000,-9999.00000,-9999.00000,-9999.00000,-9999.00000,-9999.00000,-9999.00000,-9999.00000
49UP19980916,19981012,1249,14.00320,164.98100,5423.20000,5324.00000,1.39400,0.91077,34.70900,-9999.00000,-9999.00000,-9999.00000,-9999.00000,-9999.00000,-9999.00000,-9999.00000,-9999.00000
49UP19980916,19981012,1251,14.00320,164.98100,5423.20000,5324.00000,1.39730,0.91401,34.70100,-9999.00000,-9999.00000,-9999.00000,-9999.00000,-9999.00000,-9999.00000,-9999.00000,-9999.00000
49UP19980916,19981012,1252,14.00320,164.98100,5423.30000,5325.00000,1.39730,0.91401,34.69990,-9999.00000,-9999.00000,-9999.00000,-9999.00000,-9999.00000,-9999.00000,-9999.00000,-9999.00000
49UP19980916,19981012,1250,14.00320,164.98100,5423.40000,5325.00000,1.39690,0.91361,34.70060,-9999.00000,-9999.00000,-9999.00000,-9999.00000,-9999.00000,-9999.00000,-9999.00000,-9999.00000
49UP19980916,19981012,1252,14.00320,164.98100,5423.50000,5325.00000,1.39720,0.91388,34.70060,-9999.00000,-9999.00000,-9999.00000,-9999.00000,-9999.00000,-9999.00000,-9999.00000,-9999.00000
49UP19980916,19981012,1250,14.00320,164.98100,5423.90000,5325.00000,1.39730,0.91393,34.70060,-9999.00000,-9999.00000,-9999.00000,-9999.00000,-9999.00000,-9999.00000,-9999.00000,-9999.00000
49UP19980916,19981013,0241,12.00430,164.49200,0.00000,0.00000,29.03460,29.03460,34.58830,195.39000,-9999.00000,1.40080,0.11000,-9999.00000,-9999.00000,-9999.00000,-9999.00000
49UP19980916,19981013,0239,12.00430,164.49200,9.70000,10.00000,28.93210,28.92980,34.59950,193.63500,0.01000,1.75100,0.11000,-9999.00000,-9999.00000,-9999.00000,-9999.00000
49UP19980916,19981013,0237,12.00430,164.49200,26.70000,27.00000,28.75090,28.74450,34.59610,196.85200,-9999.00000,1.25660,0.10000,-9999.00000,-9999.00000,-9999.00000,-9999.00000
49UP19980916,19981013,0236,12.00430,164.49200,50.60000,50.00000,28.71680,28.70470,34.88230,196.07200,0.00000,1.06090,0.09000,-9999.00000,-9999.00000,-9999.00000,-9999.00000
49UP19980916,19981013,0235,12.00430,164.49200,75.80000,75.00000,27.16500,27.14760,34.75400,205.43200,0.10000,1.05060,0.10000,-9999.00000,-9999.00000,-9999.00000,-9999.00000
49UP19980916,19981013,0233,12.00430,164.49200,102.10000,101.00000,26.36990,26.34690,34.84940,206.31000,0.10000,1.09180,0.09000,-9999.00000,-9999.00000,-9999.00000,-9999.00000
49UP19980916,19981013,0232,12.00430,164.49200,128.00000,127.00000,25.44220,25.41410,34.94260,198.41300,0.16000,1.06090,0.10000,-9999.00000,-9999.00000,-9999.00000,-9999.00000
49UP19980916,19981013,0231,12.00430,164.49200,150.50000,150.00000,21.83250,21.80290,34.83470,182.32500,1.33000,2.66770,0.28000,-9999.00000,-9999.00000,-9999.00000,-9999.00000
49UP19980916,19981013,0229,12.00430,164.49200,200.60000,199.00000,16.32430,16.29220,34.70000,163.02000,8.35000,7.11730,0.67000,-9999.00000,-9999.00000,-9999.00000,-9999.00000
49UP19980916,19981013,0227,12.00430,164.49200,250.60000,249.00000,13.00710,12.97270,34.47730,126.45700,17.75000,17.26280,1.32000,-9999.00000,-9999.00000,-9999.00000,-9999.00000
49UP19980916,19981013,0226,12.00430,164.49200,302.60000,301.00000,10.28630,10.25060,34.34830,101.59500,25.66000,29.44770,1.87000,-9999.00000,-9999.00000,-9999.00000,-9999.00000
49UP19980916,19981013,0223,12.00430,164.49200,403.00000,400.00000,8.75320,8.70990,34.52080,55.67250,34.28000,42.19910,2.42000,-9999.00000,-9999.00000,-9999.00000,-9999.00000
49UP19980916,19981013,0221,12.00430,164.49200,502.70000,499.00000,7.56700,7.51712,34.48900,64.44750,36.17000,52.72570,2.54000,-9999.00000,-9999.00000,-9999.00000,-9999.00000
49UP19980916,19981013,0218,12.00430,164.49200,606.00000,602.00000,6.59490,6.53877,34.49280,68.73750,37.62000,61.88240,2.61000,-9999.00000,-9999.00000,-9999.00000,-9999.00000
49UP19980916,19981013,0216,12.00430,164.49200,706.80000,702.00000,6.02230,5.95938,34.51710,57.72000,39.69000,69.25720,2.78000,-9999.00000,-9999.00000,-9999.00000,-9999.00000
49UP19980916,19981013,0214,12.00430,164.49200,808.70000,803.00000,5.57240,5.50257,34.53140,57.42750,41.19000,76.42600,2.87000,-9999.00000,-9999.00000,-9999.00000,-9999.00000
49UP19980916,19981013,0211,12.00430,164.49200,909.00000,902.00000,5.19320,5.11667,34.54010,56.84250,42.07000,82.57510,2.93000,-9999.00000,-9999.00000,-9999.00000,-9999.00000
49UP19980916,19981013,0209,12.00430,164.49200,1008.80000,1001.00000,4.62160,4.54031,34.54840,63.86250,42.13000,93.25620,2.94000,-9999.00000,-9999.00000,-9999.00000,-9999.00000
49UP19980916,19981013,0204,12.00430,164.49200,1260.60000,1250.00000,3.66070,3.56598,34.57440,73.02750,42.32000,112.81600,2.95000,-9999.00000,-9999.00000,-9999.00000,-9999.00000
49UP19980916,19981013,0200,12.00430,164.49200,1514.70000,1501.00000,2.98590,2.87693,34.59530,84.72750,41.61000,127.05000,2.90000,-9999.00000,-9999.00000,-9999.00000,-9999.00000
49UP19980916,19981013,0155,12.00430,164.49200,1770.10000,1753.00000,2.51680,2.39227,34.61250,95.94000,40.96000,137.18600,2.83000,-9999.00000,-9999.00000,-9999.00000,-9999.00000
49UP19980916,19981013,0150,12.00430,164.49200,2036.50000,2015.00000,2.15850,2.01651,34.63280,104.91000,40.30000,143.40700,2.79000,-9999.00000,-9999.00000,-9999.00000,-9999.00000
49UP19980916,19981013,1620,9.99420,163.98900,0.00000,0.00000,29.00610,29.00610,34.37880,193.92800,0.04000,1.27720,0.11000,-9999.00000,-9999.00000,-9999.00000,-9999.00000
49UP19980916,19981013,1618,9.99420,163.98900,10.50000,10.00000,29.01700,29.01450,34.38580,193.14800,0.08000,1.65830,0.10000,-9999.00000,-9999.00000,-9999.00000,-9999.00000
49UP19980916,19981013,1617,9.99420,163.98900,25.60000,26.00000,28.99150,28.98530,34.41140,195.58500,0.04000,1.45230,0.10000,-9999.00000,-9999.00000,-9999.00000,-9999.00000
49UP19980916,19981013,1616,9.99420,163.98900,50.40000,50.00000,28.93520,28.92300,34.50400,193.73200,0.00000,1.32870,0.10000,-9999.00000,-9999.00000,-9999.00000,-9999.00000
49UP19980916,19981013,1614,9.99420,163.98900,75.10000,75.00000,27.61720,27.59970,34.81550,200.36300,-9999.00000,1.04030,0.09000,-9999.00000,-9999.00000,-9999.00000,-9999.00000
49UP19980916,19981013,1613,9.99420,163.98900,100.80000,100.00000,23.52550,23.50460,34.76760,194.02500,0.43000,2.26600,0.20000,-9999.00000,-9999.00000,-9999.00000,-9999.00000
49UP19980916,19981013,1612,9.99420,163.98900,126.70000,126.00000,19.21090,19.18820,34.74610,163.50800,6.03000,6.11820,0.55000,-9999.00000,-9999.00000,-9999.00000,-9999.00000
49UP19980916,19981013,1610,9.99420,163.98900,150.40000,149.00000,14.19810,14.17630,34.54410,139.32700,14.92000,13.01920,1.08000,-9999.00000,-9999.00000,-9999.00000,-9999.00000
49UP19980916,19981013,1609,9.99420,163.98900,201.90000,201.00000,10.81110,10.78660,34.51120,63.86250,29.27000,29.67430,2.09000,-9999.00000,-9999.00000,-9999.00000,-9999.00000
49UP19980916,19981013,1607,9.99420,163.98900,251.70000,250.00000,10.23930,10.20970,34.60950,36.85500,33.37000,33.79430,2.37000,-9999.00000,-9999.00000,-9999.00000,-9999.00000
49UP19980916,19981013,1605,9.99420,163.98900,300.80000,299.00000,9.87270,9.83804,34.63440,33.44250,34.61000,34.83460,2.44000,-9999.00000,-9999.00000,-9999.00000,-9999.00000
49UP19980916,19981013,1603,9.99420,163.98900,402.50000,400.00000,8.81720,8.77370,34.62290,39.68250,35.98000,40.57170,2.55000,-9999.00000,-9999.00000,-9999.00000,-9999.00000
49UP19980916,19981013,1600,9.99420,163.98900,503.30000,500.00000,7.95960,7.90813,34.56370,48.94500,37.04000,46.91650,2.65000,-9999.00000,-9999.00000,-9999.00000,-9999.00000
49UP19980916,19981013,1558,9.99420,163.98900,604.20000,600.00000,7.24250,7.18356,34.54520,46.89750,38.14000,55.17710,2.74000,-9999.00000,-9999.00000,-9999.00000,-9999.00000
49UP19980916,19981013,1556,9.99420,163.98900,705.00000,700.00000,6.36800,6.30338,34.53740,47.19000,39.81000,64.84880,2.85000,-9999.00000,-9999.00000,-9999.00000,-9999.00000
49UP19980916,19981013,1553,9.99420,163.98900,805.30000,799.00000,5.83930,5.76817,34.51970,53.14790,40.12500,74.11090,2.88059,-9999.00000,-9999.00000,-9999.00000,-9999.00000
49UP19980916,19981013,1551,9.99420,163.98900,905.80000,899.00000,5.19010,5.11389,34.53220,59.37750,40.43000,83.02830,2.90000,-9999.00000,-9999.00000,-9999.00000,-9999.00000
49UP19980916,19981013,1548,9.99420,163.98900,1007.20000,999.00000,4.70100,4.61924,34.55000,65.16510,40.73650,91.11880,2.91982,-9999.00000,-9999.00000,-9999.00000,-9999.00000
49UP19980916,19981013,1548,9.99420,163.98900,1008.40000,1000.00000,4.70870,4.62678,34.54700,65.22750,40.74000,91.21680,2.92000,-9999.00000,-9999.00000,-9999.00000,-9999.00000
49UP19980916,19981013,1543,9.99420,163.98900,1260.30000,1249.00000,3.62490,3.53055,34.57280,74.68500,40.79000,112.95000,2.92000,-9999.00000,-9999.00000,-9999.00000,-9999.00000
49UP19980916,19981013,1538,9.99420,163.98900,1513.40000,1499.00000,2.89020,2.78244,34.59850,86.77500,40.26000,128.54400,2.88000,-9999.00000,-9999.00000,-9999.00000,-9999.00000
49UP19980916,19981013,1534,9.99420,163.98900,1768.70000,1751.00000,2.48020,2.35627,34.61720,95.06250,39.85000,137.29900,2.84000,-9999.00000,-9999.00000,-9999.00000,-9999.00000
49UP19980916,19981013,1529,9.99420,163.98900,2036.10000,2015.00000,2.18350,2.04116,34.63260,103.64300,39.41000,143.19100,2.79000,-9999.00000,-9999.00000,-9999.00000,-9999.00000
49UP19980916,19981013,2231,9.00500,164.00000,0.00000,0.00000,29.20750,29.20750,34.25360,193.14800,0.10000,1.64800,0.12000,-9999.00000,-9999.00000,-9999.00000,-9999.00000
49UP19980916,19981013,2228,9.00500,164.00000,11.20000,11.00000,29.18680,29.18410,34.25980,193.34200,0.14000,1.40080,0.11000,-9999.00000,-9999.00000,-9999.00000,-9999.00000
49UP19980916,19981013,2227,9.00500,164.00000,25.40000,25.00000,29.18650,29.18030,34.26930,195.58500,0.04000,1.28750,0.11000,-9999.00000,-9999.00000,-9999.00000,-9999.00000
49UP19980916,19981013,2226,9.00500,164.00000,49.60000,49.00000,29.16010,29.14810,34.37430,193.73200,0.06000,1.62740,0.11000,-9999.00000,-9999.00000,-9999.00000,-9999.00000
49UP19980916,19981013,2224,9.00500,164.00000,76.00000,76.00000,28.04940,28.03150,34.75510,201.04500,0.04000,1.58620,0.09000,-9999.00000,-9999.00000,-9999.00000,-9999.00000
49UP19980916,19981013,2223,9.00500,164.00000,100.90000,100.00000,24.57200,24.55040,34.80030,194.80500,0.14000,1.74070,0.16000,-9999.00000,-9999.00000,-9999.00000,-9999.00000
49UP19980916,19981013,2221,9.00500,164.00000,125.00000,124.00000,19.16660,19.14420,34.74990,166.72500,5.05000,4.97490,0.49000,-9999.00000,-9999.00000,-9999.00000,-9999.00000
49UP19980916,19981013,2220,9.00500,164.00000,149.90000,149.00000,15.56010,15.53690,34.62920,138.35200,13.49000,10.84590,0.98000,-9999.00000,-9999.00000,-9999.00000,-9999.00000
49UP19980916,19981013,2218,9.00500,164.00000,201.30000,200.00000,12.60900,12.58200,34.51610,93.50250,23.01000,21.05320,1.63000,-9999.00000,-9999.00000,-9999.00000,-9999.00000
49UP19980916,19981013,2216,9.00500,164.00000,250.70000,249.00000,10.46170,10.43180,34.60340,39.39000,32.63000,32.24930,2.29000,-9999.00000,-9999.00000,-9999.00000,-9999.00000
49UP19980916,19981013,2214,9.00500,164.00000,301.70000,300.00000,9.66560,9.63129,34.63880,35.00250,34.71000,35.63800,2.43000,-9999.00000,-9999.00000,-9999.00000,-9999.00000
49UP19980916,19981013,2211,9.00500,164.00000,402.70000,400.00000,8.69340,8.65025,34.61320,42.41250,35.98000,41.10730,2.52000,-9999.00000,-9999.00000,-9999.00000,-9999.00000
49UP19980916,19981013,2209,9.00500,164.00000,502.30000,499.00000,7.80060,7.74982,34.56960,47.67750,37.02000,48.18340,2.63000,-9999.00000,-9999.00000,-9999.00000,-9999.00000
49UP19980916,19981013,2206,9.00500,164.00000,604.20000,600.00000,7.17420,7.11556,34.55660,41.04750,38.59000,54.74450,2.77000,-9999.00000,-9999.00000,-9999.00000,-9999.00000
49UP19980916,19981013,2203,9.00500,164.00000,704.30000,699.00000,6.61430,6.54843,34.55170,42.70500,39.66000,61.28500,2.82000,-9999.00000,-9999.00000,-9999.00000,-9999.00000
49UP19980916,19981013,2201,9.00500,164.00000,806.10000,800.00000,5.79630,5.72534,34.53500,50.21250,40.44000,72.37810,2.88000,-9999.00000,-9999.00000,-9999.00000,-9999.00000
49UP19980916,19981013,2158,9.00500,164.00000,906.90000,900.00000,5.21090,5.13443,34.54130,54.30750,40.92000,81.88500,2.92000,-9999.00000,-9999.00000,-9999.00000,-9999.00000
49UP19980916,19981013,2155,9.00500,164.00000,1006.80000,999.00000,4.77510,4.69281,34.54990,64.64250,40.76000,88.58000,2.89000,-9999.00000,-9999.00000,-9999.00000,-9999.00000
49UP19980916,19981013,2151,9.00500,164.00000,1260.10000,1249.00000,3.73010,3.63475,34.57390,78.87750,40.27000,109.78800,2.86000,-9999.00000,-9999.00000,-9999.00000,-9999.00000
49UP19980916,19981013,2146,9.00500,164.00000,1513.20000,1499.00000,2.96830,2.85966,34.59660,88.43250,40.10000,125.84500,2.84000,-9999.00000,-9999.00000,-9999.00000,-9999.00000
49UP19980916,19981013,2141,9.00500,164.00000,1767.30000,1750.00000,2.48340,2.35955,34.61670,97.01250,39.71000,136.37200,2.81000,-9999.00000,-9999.00000,-9999.00000,-9999.00000
49UP19980916,19981013,2136,9.00500,164.00000,2045.80000,2024.00000,2.16570,2.02280,34.63440,107.05500,39.12000,142.05800,2.76000,-9999.00000,-9999.00000,-9999.00000,-9999.00000
49UP19980916,19981013,0706,7.97950,164.01200,0.00000,0.00000,29.84060,29.84060,34.23990,-9999.00000,-9999.00000,-9999.00000,-9999.00000,-9999.00000,-9999.00000,-9999.00000,-9999.00000
49UP19980916,19981013,0702,7.97950,164.01200,140.10000,139.00000,19.00180,18.97690,34.75900,-9999.00000,-9999.00000,-9999.00000,-9999.00000,-9999.00000,-9999.00000,-9999.00000,-9999.00000
49UP19980916,19981013,0702,7.97950,164.01200,140.90000,140.00000,18.73210,18.70730,34.73940,-9999.00000,-9999.00000,-9999.00000,-9999.00000,-9999.00000,-9999.00000,-9999.00000,-9999.00000
49UP19980916,19981013,0656,7.97950,164.01200,330.90000,329.00000,9.42970,9.39259,34.63710,-9999.00000,-9999.00000,-9999.00000,-9999.00000,-9999.00000,-9999.00000,-9999.00000,-9999.00000
49UP19980916,19981013,0657,7.97950,164.01200,331.10000,329.00000,9.42430,9.38718,34.63210,-9999.00000,-9999.00000,-9999.00000,-9999.00000,-9999.00000,-9999.00000,-9999.00000,-9999.00000
49UP19980916,19981013,0641,7.97950,164.01200,1007.90000,1000.00000,4.55010,4.46942,34.56170,-9999.00000,-9999.00000,-9999.00000,-9999.00000,-9999.00000,-9999.00000,-9999.00000,-9999.00000
49UP19980916,19981013,0641,7.97950,164.01200,1008.90000,1001.00000,4.55750,4.47669,34.55310,-9999.00000,-9999.00000,-9999.00000,-9999.00000,-9999.00000,-9999.00000,-9999.00000,-9999.00000
49UP19980916,19981013,0642,7.97950,164.01200,1008.90000,1001.00000,4.55630,4.47550,34.55110,-9999.00000,-9999.00000,-9999.00000,-9999.00000,-9999.00000,-9999.00000,-9999.00000,-9999.00000
49UP19980916,19981013,0642,7.97950,164.01200,1009.70000,1002.00000,4.55730,4.47643,34.55190,-9999.00000,-9999.00000,-9999.00000,-9999.00000,-9999.00000,-9999.00000,-9999.00000,-9999.00000
49UP19980916,19981013,0643,7.97950,164.01200,1010.40000,1002.00000,4.53680,4.45602,34.55310,-9999.00000,-9999.00000,-9999.00000,-9999.00000,-9999.00000,-9999.00000,-9999.00000,-9999.00000
49UP19980916,19981013,0610,7.97950,164.01200,3040.10000,3001.00000,1.65200,1.42798,34.67030,-9999.00000,-9999.00000,-9999.00000,-9999.00000,-9999.00000,-9999.00000,-9999.00000,-9999.00000
49UP19980916,19981013,0610,7.97950,164.01200,3040.70000,3002.00000,1.64760,1.42361,34.67170,-9999.00000,-9999.00000,-9999.00000,-9999.00000,-9999.00000,-9999.00000,-9999.00000,-9999.00000
49UP19980916,19981013,0612,7.97950,164.01200,3041.40000,3003.00000,1.65340,1.42921,34.67320,-9999.00000,-9999.00000,-9999.00000,-9999.00000,-9999.00000,-9999.00000,-9999.00000,-9999.00000
49UP19980916,19981013,0611,7.97950,164.01200,3041.50000,3003.00000,1.65410,1.42990,34.66970,-9999.00000,-9999.00000,-9999.00000,-9999.00000,-9999.00000,-9999.00000,-9999.00000,-9999.00000
49UP19980916,19981013,0611,7.97950,164.01200,3041.90000,3003.00000,1.65420,1.42996,34.66990,-9999.00000,-9999.00000,-9999.00000,-9999.00000,-9999.00000,-9999.00000,-9999.00000,-9999.00000
49UP19980916,19981013,0612,7.97950,164.01200,3042.00000,3003.00000,1.65340,1.42916,34.67010,-9999.00000,-9999.00000,-9999.00000,-9999.00000,-9999.00000,-9999.00000,-9999.00000,-9999.00000
49UP19980916,19981013,0613,7.97950,164.01200,3042.20000,3003.00000,1.65260,1.42837,34.66880,-9999.00000,-9999.00000,-9999.00000,-9999.00000,-9999.00000,-9999.00000,-9999.00000,-9999.00000
49UP19980916,19981013,0456,7.97950,164.01200,5197.30000,5106.00000,1.39200,0.93705,34.70820,-9999.00000,-9999.00000,-9999.00000,-9999.00000,-9999.00000,-9999.00000,-9999.00000,-9999.00000
49UP19980916,19981013,0457,7.97950,164.01200,5199.10000,5108.00000,1.39470,0.93949,34.70180,-9999.00000,-9999.00000,-9999.00000,-9999.00000,-9999.00000,-9999.00000,-9999.00000,-9999.00000
49UP19980916,19981013,0457,7.97950,164.01200,5199.30000,5108.00000,1.39560,0.94032,34.70280,-9999.00000,-9999.00000,-9999.00000,-9999.00000,-9999.00000,-9999.00000,-9999.00000,-9999.00000
49UP19980916,19981013,0500,7.97950,164.01200,5199.50000,5108.00000,1.39610,0.94078,34.70260,-9999.00000,-9999.00000,-9999.00000,-9999.00000,-9999.00000,-9999.00000,-9999.00000,-9999.00000
49UP19980916,19981013,0459,7.97950,164.01200,5199.90000,5109.00000,1.39610,0.94076,34.69930,-9999.00000,-9999.00000,-9999.00000,-9999.00000,-9999.00000,-9999.00000,-9999.00000,-9999.00000
49UP19980916,19981013,0458,7.97950,164.01200,5200.20000,5109.00000,1.39600,0.94058,34.70500,-9999.00000,-9999.00000,-9999.00000,-9999.00000,-9999.00000,-9999.00000,-9999.00000,-9999.00000
49UP19980916,19981013,0459,7.97950,164.01200,5200.50000,5109.00000,1.39520,0.93979,34.70280,-9999.00000,-9999.00000,-9999.00000,-9999.00000,-9999.00000,-9999.00000,-9999.00000,-9999.00000
49UP19980916,19981013,0500,7.97950,164.01200,5201.10000,5110.00000,1.39630,0.94080,34.69990,-9999.00000,-9999.00000,-9999.00000,-9999.00000,-9999.00000,-9999.00000,-9999.00000,-9999.00000
49UP19980916,19981014,1340,7.00020,164.51200,0.00000,0.00000,29.42890,29.42890,34.22390,194.22000,0.25000,1.91580,0.15000,-9999.00000,-9999.00000,-9999.00000,-9999.00000
49UP19980916,19981014,1337,7.00020,164.51200,9.00000,9.00000,29.42860,29.42640,34.23480,192.66000,0.23000,1.76130,0.13000,-9999.00000,-9999.00000,-9999.00000,-9999.00000
49UP19980916,19981014,1336,7.00020,164.51200,24.70000,25.00000,29.39410,29.38810,34.29060,195.58500,0.21000,1.70980,0.13000,-9999.00000,-9999.00000,-9999.00000,-9999.00000
49UP19980916,19981014,1335,7.00020,164.51200,50.10000,50.00000,29.33630,29.32410,34.33040,193.14800,0.17000,1.67890,0.12000,-9999.00000,-9999.00000,-9999.00000,-9999.00000
49UP19980916,19981014,1333,7.00020,164.51200,74.60000,74.00000,28.47960,28.46180,34.76100,198.90000,0.07000,1.14330,0.09000,-9999.00000,-9999.00000,-9999.00000,-9999.00000
49UP19980916,19981014,1332,7.00020,164.51200,100.30000,100.00000,26.50660,26.48390,34.69210,195.58500,0.35000,1.98790,0.12000,-9999.00000,-9999.00000,-9999.00000,-9999.00000
49UP19980916,19981014,1331,7.00020,164.51200,125.10000,124.00000,21.62070,21.59630,34.69110,158.82700,5.39000,4.76890,0.48000,-9999.00000,-9999.00000,-9999.00000,-9999.00000
49UP19980916,19981014,1329,7.00020,164.51200,150.60000,150.00000,17.52840,17.50310,34.68340,146.34800,10.31000,8.83740,0.79000,-9999.00000,-9999.00000,-9999.00000,-9999.00000
49UP19980916,19981014,1327,7.00020,164.51200,200.40000,199.00000,11.94030,11.91440,34.45260,93.30750,24.35000,23.83420,1.72000,-9999.00000,-9999.00000,-9999.00000,-9999.00000
49UP19980916,19981014,1325,7.00020,164.51200,251.50000,250.00000,10.51940,10.48930,34.60570,42.21750,32.86000,32.53770,2.29000,-9999.00000,-9999.00000,-9999.00000,-9999.00000
49UP19980916,19981014,1322,7.00020,164.51200,302.30000,300.00000,9.61060,9.57635,34.63700,36.36750,35.26000,35.93670,2.44000,-9999.00000,-9999.00000,-9999.00000,-9999.00000
49UP19980916,19981014,1319,7.00020,164.51200,402.70000,400.00000,8.64790,8.60489,34.61340,47.19000,36.28000,40.77770,2.51000,-9999.00000,-9999.00000,-9999.00000,-9999.00000
49UP19980916,19981014,1317,7.00020,164.51200,503.50000,500.00000,7.82160,7.77061,34.58590,48.94500,37.71000,46.83410,2.63000,-9999.00000,-9999.00000,-9999.00000,-9999.00000
49UP19980916,19981014,1314,7.00020,164.51200,603.80000,600.00000,7.07820,7.02001,34.57910,41.34000,39.69000,55.47580,2.80000,-9999.00000,-9999.00000,-9999.00000,-9999.00000
49UP19980916,19981014,1311,7.00020,164.51200,704.30000,699.00000,6.29670,6.23252,34.54380,45.53250,41.03000,64.89000,2.88000,-9999.00000,-9999.00000,-9999.00000,-9999.00000
49UP19980916,19981014,1309,7.00020,164.51200,805.40000,799.00000,5.65090,5.58088,34.54410,51.87000,41.57000,74.27330,2.91000,-9999.00000,-9999.00000,-9999.00000,-9999.00000
49UP19980916,19981014,1306,7.00020,164.51200,906.50000,899.00000,5.14200,5.06604,34.54470,56.06250,42.01000,81.98800,2.93000,-9999.00000,-9999.00000,-9999.00000,-9999.00000
49UP19980916,19981014,1303,7.00020,164.51200,1007.90000,1000.00000,4.65100,4.56956,34.55120,64.64250,41.84000,90.66060,2.93000,-9999.00000,-9999.00000,-9999.00000,-9999.00000
49UP19980916,19981014,1258,7.00020,164.51200,1260.80000,1250.00000,3.68950,3.59447,34.57840,75.75750,41.52000,109.89100,2.92000,-9999.00000,-9999.00000,-9999.00000,-9999.00000
49UP19980916,19981014,1253,7.00020,164.51200,1512.70000,1499.00000,3.04060,2.93116,34.59730,88.43250,40.91000,123.80600,2.86000,-9999.00000,-9999.00000,-9999.00000,-9999.00000
49UP19980916,19981014,1248,7.00020,164.51200,1767.50000,1750.00000,2.57560,2.45048,34.61840,95.64750,40.40000,133.26100,2.83000,-9999.00000,-9999.00000,-9999.00000,-9999.00000
49UP19980916,19981014,1243,7.00020,164.51200,2034.20000,2013.00000,2.25860,2.11527,34.63270,104.32500,39.86000,139.79200,2.78000,-9999.00000,-9999.00000,-9999.00000,-9999.00000
49UP19980916,19981014,1957,6.01420,165.00600,0.00000,0.00000,29.45900,29.45900,34.55860,200.16700,0.15000,1.22570,0.18000,-9999.00000,-9999.00000,-9999.00000,-9999.00000
49UP19980916,19981014,1955,6.01420,165.00600,11.70000,12.00000,29.46240,29.45950,34.56310,194.51200,0.13000,1.29780,0.17000,-9999.00000,-9999.00000,-9999.00000,-9999.00000
49UP19980916,19981014,1954,6.01420,165.00600,25.00000,25.00000,29.46310,29.45700,34.56920,191.88000,0.12000,1.55530,0.17000,-9999.00000,-9999.00000,-9999.00000,-9999.00000
49UP19980916,19981014,1952,6.01420,165.00600,50.50000,50.00000,29.49830,29.48590,34.65300,192.07500,0.10000,0.96820,0.17000,-9999.00000,-9999.00000,-9999.00000,-9999.00000
49UP19980916,19981014,1951,6.01420,165.00600,75.50000,75.00000,29.46880,29.45030,34.69520,192.17300,0.12000,1.19480,0.17000,-9999.00000,-9999.00000,-9999.00000,-9999.00000
49UP19980916,19981014,1949,6.01420,165.00600,100.60000,100.00000,28.53680,28.51280,34.82460,185.34800,0.36000,1.66860,0.19000,-9999.00000,-9999.00000,-9999.00000,-9999.00000
49UP19980916,19981014,1948,6.01420,165.00600,125.40000,125.00000,27.26240,27.23340,34.81290,183.78800,0.40000,1.46260,0.16000,-9999.00000,-9999.00000,-9999.00000,-9999.00000
49UP19980916,19981014,1946,6.01420,165.00600,150.30000,149.00000,19.57940,19.55210,34.78520,161.55700,6.05000,5.21180,0.52000,-9999.00000,-9999.00000,-9999.00000,-9999.00000
49UP19980916,19981014,1945,6.01420,165.00600,200.80000,200.00000,12.89540,12.86810,34.52610,92.43000,22.82000,20.67210,1.63000,-9999.00000,-9999.00000,-9999.00000,-9999.00000
49UP19980916,19981014,1943,6.01420,165.00600,250.60000,249.00000,10.38950,10.35980,34.61660,36.85500,32.96000,32.78490,2.31000,-9999.00000,-9999.00000,-9999.00000,-9999.00000
49UP19980916,19981014,1941,6.01420,165.00600,301.30000,299.00000,9.59400,9.55990,34.63710,34.71000,34.84000,36.12210,2.43000,-9999.00000,-9999.00000,-9999.00000,-9999.00000
49UP19980916,19981014,1938,6.01420,165.00600,400.90000,398.00000,8.59370,8.55104,34.61700,59.18250,34.79000,39.32540,2.41000,-9999.00000,-9999.00000,-9999.00000,-9999.00000
49UP19980916,19981014,1936,6.01420,165.00600,502.30000,499.00000,7.81240,7.76157,34.58610,60.74250,36.30000,44.60930,2.54000,-9999.00000,-9999.00000,-9999.00000,-9999.00000
49UP19980916,19981014,1933,6.01420,165.00600,602.80000,599.00000,6.98360,6.92595,34.56340,59.37750,37.95000,52.14890,2.66000,-9999.00000,-9999.00000,-9999.00000,-9999.00000
49UP19980916,19981014,1930,6.01420,165.00600,704.10000,699.00000,6.30850,6.24428,34.54800,61.71750,39.17000,60.86270,2.76000,-9999.00000,-9999.00000,-9999.00000,-9999.00000
49UP19980916,19981014,1928,6.01420,165.00600,805.00000,799.00000,5.71000,5.63965,34.54400,57.13500,40.56000,70.91550,2.86000,-9999.00000,-9999.00000,-9999.00000,-9999.00000
49UP19980916,19981014,1925,6.01420,165.00600,905.50000,899.00000,5.12660,5.05083,34.54770,61.81500,40.94000,80.21640,2.89000,-9999.00000,-9999.00000,-9999.00000,-9999.00000
49UP19980916,19981014,1922,6.01420,165.00600,1008.10000,1000.00000,4.63700,4.55564,34.55740,68.34750,41.04000,88.79630,2.91000,-9999.00000,-9999.00000,-9999.00000,-9999.00000
49UP19980916,19981014,1918,6.01420,165.00600,1261.30000,1251.00000,3.80020,3.70407,34.57610,77.80500,40.51000,105.98700,2.88000,-9999.00000,-9999.00000,-9999.00000,-9999.00000
49UP19980916,19981014,1913,6.01420,165.00600,1514.30000,1500.00000,3.06760,2.95771,34.59860,87.36000,40.43000,122.23000,2.86000,-9999.00000,-9999.00000,-9999.00000,-9999.00000
49UP19980916,19981014,1908,6.01420,165.00600,1768.30000,1751.00000,2.55500,2.43009,34.61950,95.64750,39.93000,133.66300,2.82000,-9999.00000,-9999.00000,-9999.00000,-9999.00000
49UP19980916,19981014,1903,6.01420,165.00600,2045.30000,2024.00000,2.25890,2.11460,34.63460,105.39700,39.33000,138.68900,2.76000,-9999.00000,-9999.00000,-9999.00000,-9999.00000
49UP19980916,19981015,0113,5.16250,164.99700,0.00000,0.00000,29.78570,29.78570,34.64470,193.63500,0.09000,1.57590,0.17000,-9999.00000,-9999.00000,-9999.00000,-9999.00000
49UP19980916,19981015,0111,5.16250,164.99700,9.90000,10.00000,29.63620,29.63380,34.63800,193.34200,0.05000,1.77160,0.16000,-9999.00000,-9999.00000,-9999.00000,-9999.00000
49UP19980916,19981015,0110,5.16250,164.99700,24.10000,24.00000,29.48700,29.48110,34.64640,195.87800,0.04000,1.50380,0.16000,-9999.00000,-9999.00000,-9999.00000,-9999.00000
49UP19980916,19981015,0108,5.16250,164.99700,49.60000,49.00000,29.54260,29.53040,34.77090,195.48800,0.00000,1.76130,0.17000,-9999.00000,-9999.00000,-9999.00000,-9999.00000
49UP19980916,19981015,0107,5.16250,164.99700,75.60000,75.00000,29.21030,29.19190,34.87990,191.29500,0.07000,1.86430,0.19000,-9999.00000,-9999.00000,-9999.00000,-9999.00000
49UP19980916,19981015,0106,5.16250,164.99700,99.50000,99.00000,28.73980,28.71590,34.89610,185.64000,0.68000,1.43170,0.23000,-9999.00000,-9999.00000,-9999.00000,-9999.00000
49UP19980916,19981015,0105,5.16250,164.99700,123.90000,123.00000,27.65620,27.62730,34.83300,164.97000,3.68000,2.49260,0.36000,-9999.00000,-9999.00000,-9999.00000,-9999.00000
49UP19980916,19981015,0104,5.16250,164.99700,150.50000,150.00000,20.23510,20.20710,34.91250,156.68200,6.42000,5.35600,0.54000,-9999.00000,-9999.00000,-9999.00000,-9999.00000
49UP19980916,19981015,0102,5.16250,164.99700,200.80000,200.00000,11.92670,11.90070,34.55410,96.72000,24.28000,25.32770,1.70000,-9999.00000,-9999.00000,-9999.00000,-9999.00000
49UP19980916,19981015,0100,5.16250,164.99700,251.90000,250.00000,10.18740,10.15790,34.61040,67.17750,30.44000,32.39350,2.12000,-9999.00000,-9999.00000,-9999.00000,-9999.00000
49UP19980916,19981015,0059,5.16250,164.99700,302.00000,300.00000,9.65430,9.61998,34.63890,69.51750,31.78000,33.32050,2.19000,-9999.00000,-9999.00000,-9999.00000,-9999.00000
49UP19980916,19981015,0057,5.16250,164.99700,402.70000,400.00000,8.67190,8.62881,34.62420,70.29750,33.73000,36.56500,2.32000,-9999.00000,-9999.00000,-9999.00000,-9999.00000
49UP19980916,19981015,0055,5.16250,164.99700,504.10000,501.00000,7.99510,7.94339,34.59830,63.37500,35.74000,40.86010,2.47000,-9999.00000,-9999.00000,-9999.00000,-9999.00000
49UP19980916,19981015,0052,5.16250,164.99700,602.80000,599.00000,7.16930,7.11081,34.57120,49.43250,38.35000,50.08890,2.71000,-9999.00000,-9999.00000,-9999.00000,-9999.00000
49UP19980916,19981015,0050,5.16250,164.99700,706.10000,701.00000,6.38220,6.31739,34.55270,54.01500,39.75000,59.23530,2.82000,-9999.00000,-9999.00000,-9999.00000,-9999.00000
49UP19980916,19981015,0048,5.16250,164.99700,805.20000,799.00000,5.78390,5.71309,34.54290,60.35250,39.84000,67.83580,2.82000,-9999.00000,-9999.00000,-9999.00000,-9999.00000
49UP19980916,19981015,0046,5.16250,164.99700,906.10000,899.00000,5.28910,5.21216,34.54460,73.32000,39.74000,73.70680,2.79000,-9999.00000,-9999.00000,-9999.00000,-9999.00000
49UP19980916,19981015,0043,5.16250,164.99700,1007.80000,1000.00000,4.81740,4.73469,34.55090,69.12750,40.48000,84.61450,2.87000,-9999.00000,-9999.00000,-9999.00000,-9999.00000
49UP19980916,19981015,0039,5.16250,164.99700,1258.30000,1248.00000,3.75070,3.65530,34.57790,80.73000,40.30000,105.70900,2.87000,-9999.00000,-9999.00000,-9999.00000,-9999.00000
49UP19980916,19981015,0035,5.16250,164.99700,1513.60000,1500.00000,3.19510,3.08381,34.59340,83.16750,40.44000,119.67600,2.86000,-9999.00000,-9999.00000,-9999.00000,-9999.00000
49UP19980916,19981015,0031,5.16250,164.99700,1768.00000,1751.00000,2.55030,2.42547,34.62310,97.69500,39.54000,132.14900,2.79000,-9999.00000,-9999.00000,-9999.00000,-9999.00000
49UP19980916,19981015,0026,5.16250,164.99700,2035.70000,2015.00000,2.17610,2.03388,34.64160,105.69000,39.20000,140.96600,2.74000,-9999.00000,-9999.00000,-9999.00000,-9999.00000
49UP19980916,19981015,0910,3.99770,164.98800,0.00000,0.00000,29.53570,29.53570,34.25960,193.44000,0.24000,1.51410,0.18000,-9999.00000,-9999.00000,-9999.00000,-9999.00000
49UP19980916,19981015,0907,3.99770,164.98800,11.40000,11.00000,29.53400,29.53120,34.79250,192.27000,0.15000,1.41110,0.17000,-9999.00000,-9999.00000,-9999.00000,-9999.00000
49UP19980916,19981015,0906,3.99770,164.98800,23.60000,24.00000,29.43230,29.42650,34.78950,195.78000,0.15000,1.48320,0.17000,-9999.00000,-9999.00000,-9999.00000,-9999.00000
49UP19980916,19981015,0905,3.99770,164.98800,50.30000,50.00000,29.13010,29.11790,34.84000,194.12200,0.12000,1.39050,0.18000,-9999.00000,-9999.00000,-9999.00000,-9999.00000
49UP19980916,19981015,0903,3.99770,164.98800,75.30000,75.00000,28.97240,28.95420,34.88300,194.61000,0.16000,1.36990,0.19000,-9999.00000,-9999.00000,-9999.00000,-9999.00000
49UP19980916,19981015,0902,3.99770,164.98800,101.50000,101.00000,28.52850,28.50420,34.95420,189.05300,0.60000,1.98790,0.23000,-9999.00000,-9999.00000,-9999.00000,-9999.00000
49UP19980916,19981015,0900,3.99770,164.98800,124.20000,123.00000,27.86700,27.83780,34.93430,177.15800,2.33000,1.97760,0.31000,-9999.00000,-9999.00000,-9999.00000,-9999.00000
49UP19980916,19981015,0859,3.99770,164.98800,150.40000,150.00000,22.16050,22.13060,34.78020,148.88300,7.25000,5.03670,0.55000,-9999.00000,-9999.00000,-9999.00000,-9999.00000
49UP19980916,19981015,0857,3.99770,164.98800,202.20000,201.00000,12.81690,12.78950,34.55730,107.54300,22.05000,21.94930,1.50000,-9999.00000,-9999.00000,-9999.00000,-9999.00000
49UP19980916,19981015,0855,3.99770,164.98800,250.90000,249.00000,10.28600,10.25640,34.60880,66.98250,30.70000,31.97120,2.10000,-9999.00000,-9999.00000,-9999.00000,-9999.00000
49UP19980916,19981015,0853,3.99770,164.98800,302.80000,301.00000,9.41970,9.38581,34.63560,70.59000,32.46000,33.42350,2.19000,-9999.00000,-9999.00000,-9999.00000,-9999.00000
49UP19980916,19981015,0850,3.99770,164.98800,402.60000,400.00000,8.43590,8.39353,34.61420,70.00500,34.79000,38.05850,2.35000,-9999.00000,-9999.00000,-9999.00000,-9999.00000
49UP19980916,19981015,0848,3.99770,164.98800,505.30000,502.00000,7.79020,7.73913,34.59560,61.23000,36.99000,43.48660,2.52000,-9999.00000,-9999.00000,-9999.00000,-9999.00000
49UP19980916,19981015,0845,3.99770,164.98800,604.30000,600.00000,6.97560,6.91784,34.56570,56.74500,38.82000,51.94290,2.68000,-9999.00000,-9999.00000,-9999.00000,-9999.00000
49UP19980916,19981015,0842,3.99770,164.98800,706.30000,701.00000,6.30400,6.23958,34.55250,54.60000,40.29000,61.70730,2.78000,-9999.00000,-9999.00000,-9999.00000,-9999.00000
49UP19980916,19981015,0840,3.99770,164.98800,806.80000,801.00000,5.42550,5.35673,34.54640,64.35000,40.87000,73.94370,2.82000,-9999.00000,-9999.00000,-9999.00000,-9999.00000
49UP19980916,19981015,0837,3.99770,164.98800,907.50000,901.00000,4.91730,4.84279,34.55050,72.88970,40.34000,80.21640,2.78000,-9999.00000,-9999.00000,-9999.00000,-9999.00000
49UP19980916,19981015,0834,3.99770,164.98800,1010.30000,1002.00000,4.53940,4.45860,34.55720,81.60750,40.40000,87.70450,2.80000,-9999.00000,-9999.00000,-9999.00000,-9999.00000
49UP19980916,19981015,0830,3.99770,164.98800,1261.60000,1251.00000,3.63020,3.53567,34.58070,88.72500,40.44000,106.93500,2.80000,-9999.00000,-9999.00000,-9999.00000,-9999.00000
49UP19980916,19981015,0825,3.99770,164.98800,1513.00000,1499.00000,3.01320,2.90404,34.60200,92.43000,40.51000,120.98400,2.81000,-9999.00000,-9999.00000,-9999.00000,-9999.00000
49UP19980916,19981015,0820,3.99770,164.98800,1766.50000,1749.00000,2.57120,2.44622,34.61920,104.91000,39.70000,128.30700,2.74000,-9999.00000,-9999.00000,-9999.00000,-9999.00000
49UP19980916,19981015,0816,3.99770,164.98800,2044.00000,2023.00000,2.21480,2.07129,34.63670,110.85700,39.49000,136.39300,2.72000,-9999.00000,-9999.00000,-9999.00000,-9999.00000
49UP19980916,19981015,1518,2.98600,164.98200,0.00000,0.00000,29.43390,29.43390,34.68730,193.05000,0.01000,1.25660,0.19000,-9999.00000,-9999.00000,-9999.00000,-9999.00000
49UP19980916,19981015,1516,2.98600,164.98200,9.60000,10.00000,29.44300,29.44070,34.69250,192.85500,0.01000,1.29780,0.18000,-9999.00000,-9999.00000,-9999.00000,-9999.00000
49UP19980916,19981015,1515,2.98600,164.98200,25.20000,25.00000,29.44640,29.44020,34.69650,195.09800,0.00000,1.34930,0.18000,-9999.00000,-9999.00000,-9999.00000,-9999.00000
49UP19980916,19981015,1514,2.98600,164.98200,50.00000,50.00000,29.21510,29.20290,34.87590,193.34200,0.00000,1.16390,0.19000,-9999.00000,-9999.00000,-9999.00000,-9999.00000
49UP19980916,19981015,1512,2.98600,164.98200,74.20000,74.00000,28.57550,28.55780,34.83720,186.42000,0.67000,1.33900,0.23000,-9999.00000,-9999.00000,-9999.00000,-9999.00000
49UP19980916,19981015,1511,2.98600,164.98200,101.30000,101.00000,26.86960,26.84650,34.84340,162.33700,4.98000,2.10120,0.44000,-9999.00000,-9999.00000,-9999.00000,-9999.00000
49UP19980916,19981015,1510,2.98600,164.98200,127.50000,127.00000,24.63200,24.60470,34.86290,139.71700,7.92000,3.58440,0.60000,-9999.00000,-9999.00000,-9999.00000,-9999.00000
49UP19980916,19981015,1508,2.98600,164.98200,152.80000,152.00000,20.06840,20.04010,34.83670,139.81500,10.14000,6.73620,0.71000,-9999.00000,-9999.00000,-9999.00000,-9999.00000
49UP19980916,19981015,1506,2.98600,164.98200,204.80000,204.00000,11.15060,11.12530,34.51850,117.29300,23.90000,29.34470,1.67000,-9999.00000,-9999.00000,-9999.00000,-9999.00000
49UP19980916,19981015,1504,2.98600,164.98200,252.80000,251.00000,11.00510,10.97390,34.74490,116.02500,24.53000,24.30800,1.69000,-9999.00000,-9999.00000,-9999.00000,-9999.00000
49UP19980916,19981015,1502,2.98600,164.98200,303.80000,302.00000,10.58160,10.54500,34.76290,97.59750,27.75000,24.59640,1.90000,-9999.00000,-9999.00000,-9999.00000,-9999.00000
49UP19980916,19981015,1500,2.98600,164.98200,403.90000,401.00000,9.34860,9.30335,34.65210,111.24700,28.48000,30.52920,1.97000,-9999.00000,-9999.00000,-9999.00000,-9999.00000
49UP19980916,19981015,1457,2.98600,164.98200,503.50000,500.00000,8.33150,8.27859,34.59790,86.09250,32.67000,37.91430,2.27000,-9999.00000,-9999.00000,-9999.00000,-9999.00000
49UP19980916,19981015,1454,2.98600,164.98200,605.60000,601.00000,6.93200,6.87431,34.56650,58.89000,37.91000,51.59270,2.70000,-9999.00000,-9999.00000,-9999.00000,-9999.00000
49UP19980916,19981015,1452,2.98600,164.98200,705.50000,700.00000,6.11090,6.04759,34.55030,65.61750,38.82000,60.90390,2.77000,-9999.00000,-9999.00000,-9999.00000,-9999.00000
49UP19980916,19981015,1449,2.98600,164.98200,808.80000,803.00000,5.38680,5.31808,34.54890,71.37000,39.30000,71.83220,2.80000,-9999.00000,-9999.00000,-9999.00000,-9999.00000
49UP19980916,19981015,1447,2.98600,164.98200,907.70000,901.00000,4.74510,4.67177,34.54850,95.25750,37.74000,79.85590,2.69000,-9999.00000,-9999.00000,-9999.00000,-9999.00000
49UP19980916,19981015,1444,2.98600,164.98200,1007.40000,999.00000,4.47020,4.39019,34.55640,93.50250,38.37000,86.11830,2.74000,-9999.00000,-9999.00000,-9999.00000,-9999.00000
49UP19980916,19981015,1439,2.98600,164.98200,1262.60000,1252.00000,3.64380,3.54906,34.57870,93.21000,38.98000,105.10100,2.79000,-9999.00000,-9999.00000,-9999.00000,-9999.00000
49UP19980916,19981015,1435,2.98600,164.98200,1512.80000,1499.00000,3.07840,2.96851,34.59960,95.55000,39.13000,117.81100,2.80000,-9999.00000,-9999.00000,-9999.00000,-9999.00000
49UP19980916,19981015,1431,2.98600,164.98200,1766.70000,1750.00000,2.58810,2.46288,34.61780,105.39700,38.62000,127.63800,2.75000,-9999.00000,-9999.00000,-9999.00000,-9999.00000
49UP19980916,19981015,1426,2.98600,164.98200,2030.50000,2010.00000,2.25590,2.11293,34.63360,112.90500,38.34000,134.43600,2.71000,-9999.00000,-9999.00000,-9999.00000,-9999.00000
49UP19980916,19981015,2039,2.15680,164.98200,0.00000,0.00000,29.10930,29.10930,34.78560,192.56200,0.19000,2.11150,0.20000,-9999.00000,-9999.00000,-9999.00000,-9999.00000
49UP19980916,19981015,2037,2.15680,164.98200,11.70000,12.00000,29.11060,29.10780,34.79390,192.07500,0.21000,2.50290,0.19000,-9999.00000,-9999.00000,-9999.00000,-9999.00000
49UP19980916,19981015,2036,2.15680,164.98200,25.20000,25.00000,28.79460,28.78850,34.81170,191.78300,0.85000,2.58530,0.23000,-9999.00000,-9999.00000,-9999.00000,-9999.00000
49UP19980916,19981015,2034,2.15680,164.98200,50.40000,50.00000,27.72720,27.71540,34.98120,192.27000,0.74000,2.52350,0.23000,-9999.00000,-9999.00000,-9999.00000,-9999.00000
49UP19980916,19981015,2033,2.15680,164.98200,76.90000,76.00000,27.28860,27.27080,35.07170,188.76000,1.07000,2.25570,0.24000,-9999.00000,-9999.00000,-9999.00000,-9999.00000
49UP19980916,19981015,2031,2.15680,164.98200,101.50000,101.00000,26.77460,26.75150,35.02240,178.13300,2.45000,3.28570,0.31000,-9999.00000,-9999.00000,-9999.00000,-9999.00000
49UP19980916,19981015,2030,2.15680,164.98200,127.10000,126.00000,25.42320,25.39530,34.88700,152.39300,5.57000,4.12000,0.46000,-9999.00000,-9999.00000,-9999.00000,-9999.00000
49UP19980916,19981015,2028,2.15680,164.98200,149.30000,148.00000,17.69310,17.66790,34.61990,146.05500,10.99000,10.81500,0.76000,-9999.00000,-9999.00000,-9999.00000,-9999.00000
49UP19980916,19981015,2027,2.15680,164.98200,201.10000,200.00000,12.13540,12.10900,34.83950,124.21500,22.01000,21.31070,1.51000,-9999.00000,-9999.00000,-9999.00000,-9999.00000
49UP19980916,19981015,2025,2.15680,164.98200,251.40000,250.00000,11.92950,11.89680,34.86260,101.59500,24.62000,21.27980,1.67000,-9999.00000,-9999.00000,-9999.00000,-9999.00000
49UP19980916,19981015,2023,2.15680,164.98200,301.80000,300.00000,11.39440,11.35620,34.82230,89.89500,27.22000,24.29770,1.84000,-9999.00000,-9999.00000,-9999.00000,-9999.00000
49UP19980916,19981015,2020,2.15680,164.98200,402.60000,400.00000,9.97150,9.92453,34.72350,109.10300,27.97000,27.21260,1.89000,-9999.00000,-9999.00000,-9999.00000,-9999.00000
49UP19980916,19981015,2017,2.15680,164.98200,503.60000,500.00000,8.65630,8.60215,34.63110,96.03750,31.59000,34.77280,2.13000,-9999.00000,-9999.00000,-9999.00000,-9999.00000
49UP19980916,19981015,2014,2.15680,164.98200,605.40000,601.00000,7.21210,7.15316,34.56350,94.28250,34.11000,46.14400,2.35000,-9999.00000,-9999.00000,-9999.00000,-9999.00000
49UP19980916,19981015,2011,2.15680,164.98200,707.70000,703.00000,6.08910,6.02571,34.54070,82.97250,37.45000,61.76910,2.62000,-9999.00000,-9999.00000,-9999.00000,-9999.00000
49UP19980916,19981015,2008,2.15680,164.98200,807.50000,801.00000,5.29170,5.22369,34.54410,87.65250,38.04000,72.99610,2.67000,-9999.00000,-9999.00000,-9999.00000,-9999.00000
49UP19980916,19981015,2005,2.15680,164.98200,909.40000,902.00000,4.70820,4.63498,34.55150,97.89000,37.79000,82.99740,2.65000,-9999.00000,-9999.00000,-9999.00000,-9999.00000
49UP19980916,19981015,2002,2.15680,164.98200,1010.30000,1002.00000,4.33330,4.25409,34.56020,96.72000,38.27000,92.13350,2.70000,-9999.00000,-9999.00000,-9999.00000,-9999.00000
49UP19980916,19981015,1956,2.15680,164.98200,1263.10000,1252.00000,3.57010,3.47603,34.58180,92.13750,39.34000,108.99500,2.78000,-9999.00000,-9999.00000,-9999.00000,-9999.00000
49UP19980916,19981015,1952,2.15680,164.98200,1513.20000,1499.00000,3.15520,3.04440,34.59620,98.47500,39.08000,117.75000,2.76000,-9999.00000,-9999.00000,-9999.00000,-9999.00000
49UP19980916,19981015,1947,2.15680,164.98200,1765.00000,1748.00000,2.61840,2.49292,34.61730,105.20200,38.75000,129.86200,2.73000,-9999.00000,-9999.00000,-9999.00000,-9999.00000
49UP19980916,19981015,1943,2.15680,164.98200,2039.70000,2019.00000,2.27540,2.13133,34.63370,111.34500,38.51000,136.71200,2.71000,-9999.00000,-9999.00000,-9999.00000,-9999.00000
49UP19980916,19981016,0417,0.99220,164.98200,0.00000,0.00000,28.64650,28.64650,34.98600,196.07200,0.58000,2.48230,0.23000,-9999.00000,-9999.00000,-9999.00000,-9999.00000
49UP19980916,19981016,0414,0.99220,164.98200,10.40000,10.00000,28.02460,28.02220,34.99940,199.19300,0.59000,1.96730,0.22000,-9999.00000,-9999.00000,-9999.00000,-9999.00000
49UP19980916,19981016,0413,0.99220,164.98200,25.30000,25.00000,27.79320,27.78730,34.99930,201.82500,0.57000,1.74070,0.22000,-9999.00000,-9999.00000,-9999.00000,-9999.00000
49UP19980916,19981016,0412,0.99220,164.98200,51.20000,51.00000,27.29860,27.28680,35.10580,191.10000,1.08000,1.72010,0.24000,-9999.00000,-9999.00000,-9999.00000,-9999.00000
49UP19980916,19981016,0410,0.99220,164.98200,76.90000,76.00000,26.99200,26.97440,35.13800,184.37200,1.57000,1.42140,0.27000,-9999.00000,-9999.00000,-9999.00000,-9999.00000
49UP19980916,19981016,0409,0.99220,164.98200,103.10000,103.00000,26.34940,26.32620,35.16300,172.57500,2.68000,1.98790,0.33000,-9999.00000,-9999.00000,-9999.00000,-9999.00000
49UP19980916,19981016,0407,0.99220,164.98200,126.60000,126.00000,23.17480,23.14880,35.06820,148.59000,6.73000,4.12000,0.54000,-9999.00000,-9999.00000,-9999.00000,-9999.00000
49UP19980916,19981016,0405,0.99220,164.98200,150.00000,149.00000,18.46390,18.43770,35.11840,146.83500,10.89000,9.17730,0.79000,-9999.00000,-9999.00000,-9999.00000,-9999.00000
49UP19980916,19981016,0404,0.99220,164.98200,200.80000,200.00000,13.18090,13.15310,34.74070,131.43000,19.61000,21.16650,1.36000,-9999.00000,-9999.00000,-9999.00000,-9999.00000
49UP19980916,19981016,0402,0.99220,164.98200,251.80000,250.00000,12.77820,12.74390,34.87830,129.96700,20.07000,18.64300,1.39000,-9999.00000,-9999.00000,-9999.00000,-9999.00000
49UP19980916,19981016,0400,0.99220,164.98200,303.20000,301.00000,12.08720,12.04730,34.87250,109.88200,23.78000,19.76570,1.64000,-9999.00000,-9999.00000,-9999.00000,-9999.00000
49UP19980916,19981016,0357,0.99220,164.98200,404.40000,402.00000,9.66020,9.61395,34.70010,102.37500,28.94000,27.97480,1.97000,-9999.00000,-9999.00000,-9999.00000,-9999.00000
49UP19980916,19981016,0354,0.99220,164.98200,504.40000,501.00000,8.73430,8.67976,34.64590,89.31000,32.06000,32.96000,2.19000,-9999.00000,-9999.00000,-9999.00000,-9999.00000
49UP19980916,19981016,0351,0.99220,164.98200,605.70000,601.00000,7.35550,7.29587,34.57020,101.10700,33.29000,41.03520,2.30000,-9999.00000,-9999.00000,-9999.00000,-9999.00000
49UP19980916,19981016,0348,0.99220,164.98200,706.90000,702.00000,6.29430,6.22989,34.54170,105.88500,35.13000,51.42790,2.43000,-9999.00000,-9999.00000,-9999.00000,-9999.00000
49UP19980916,19981016,0346,0.99220,164.98200,806.80000,801.00000,5.52610,5.45672,34.53850,99.25500,37.09000,62.36650,2.58000,-9999.00000,-9999.00000,-9999.00000,-9999.00000
49UP19980916,19981016,0343,0.99220,164.98200,908.60000,902.00000,4.99700,4.92186,34.54050,103.54500,37.03000,72.84160,2.59000,-9999.00000,-9999.00000,-9999.00000,-9999.00000
49UP19980916,19981016,0340,0.99220,164.98200,1008.30000,1000.00000,4.50170,4.42137,34.55280,99.06000,38.06000,83.62570,2.69000,-9999.00000,-9999.00000,-9999.00000,-9999.00000
49UP19980916,19981016,0336,0.99220,164.98200,1260.20000,1249.00000,3.61130,3.51708,34.57770,98.47500,38.79000,104.32900,2.74000,-9999.00000,-9999.00000,-9999.00000,-9999.00000
49UP19980916,19981016,0331,0.99220,164.98200,1514.00000,1500.00000,3.00940,2.90021,34.60090,100.32700,39.15000,117.84200,2.78000,-9999.00000,-9999.00000,-9999.00000,-9999.00000
49UP19980916,19981016,0327,0.99220,164.98200,1767.80000,1751.00000,2.58310,2.45786,34.61790,108.90800,38.24000,135.33200,2.70000,-9999.00000,-9999.00000,-9999.00000,-9999.00000
49UP19980916,19981016,0323,0.99220,164.98200,2032.00000,2011.00000,2.13910,1.99778,34.63880,116.80500,38.74000,125.89700,2.73000,-9999.00000,-9999.00000,-9999.00000,-9999.00000
49UP19980916,19981016,1022,0.15900,164.97500,0.00000,0.00000,28.07330,28.07330,35.16870,195.58500,0.23000,1.50380,0.22000,-9999.00000,-9999.00000,-9999.00000,-9999.00000
49UP19980916,19981016,1019,0.15900,164.97500,11.80000,12.00000,27.90620,27.90340,35.16740,195.09800,0.31000,1.49350,0.20000,-9999.00000,-9999.00000,-9999.00000,-9999.00000
49UP19980916,19981016,1018,0.15900,164.97500,25.10000,25.00000,27.69620,27.69030,35.16470,195.68200,0.52000,1.46260,0.22000,-9999.00000,-9999.00000,-9999.00000,-9999.00000
49UP19980916,19981016,1017,0.15900,164.97500,51.00000,51.00000,27.32050,27.30870,35.15560,188.27300,1.09000,1.42140,0.23000,-9999.00000,-9999.00000,-9999.00000,-9999.00000
49UP19980916,19981016,1015,0.15900,164.97500,81.50000,81.00000,26.64350,26.62500,35.14240,171.79500,2.72000,1.67890,0.31000,-9999.00000,-9999.00000,-9999.00000,-9999.00000
49UP19980916,19981016,1012,0.15900,164.97500,104.90000,104.00000,23.68200,23.66010,35.44650,148.98000,6.51000,3.02820,0.53000,-9999.00000,-9999.00000,-9999.00000,-9999.00000
49UP19980916,19981016,1011,0.15900,164.97500,126.10000,125.00000,20.60560,20.58180,35.35760,143.81200,9.28000,5.09850,0.67000,-9999.00000,-9999.00000,-9999.00000,-9999.00000
49UP19980916,19981016,1009,0.15900,164.97500,149.80000,149.00000,19.11630,19.08940,35.30860,141.47300,11.09000,6.81860,0.79000,-9999.00000,-9999.00000,-9999.00000,-9999.00000
49UP19980916,19981016,1007,0.15900,164.97500,200.30000,199.00000,13.99130,13.96240,34.90760,136.98800,17.97000,16.78900,1.24000,-9999.00000,-9999.00000,-9999.00000,-9999.00000
49UP19980916,19981016,1005,0.15900,164.97500,251.20000,250.00000,13.16040,13.12550,34.91860,131.04000,19.55000,17.20100,1.33000,-9999.00000,-9999.00000,-9999.00000,-9999.00000
49UP19980916,19981016,1003,0.15900,164.97500,302.40000,301.00000,12.15210,12.11220,34.87390,104.61800,24.40000,19.53910,1.65000,-9999.00000,-9999.00000,-9999.00000,-9999.00000
49UP19980916,19981016,1000,0.15900,164.97500,403.80000,401.00000,9.55410,9.50823,34.69610,76.14750,31.95000,30.29230,2.15000,-9999.00000,-9999.00000,-9999.00000,-9999.00000
49UP19980916,19981016,0957,0.15900,164.97500,505.50000,502.00000,8.56860,8.51457,34.63280,97.11000,31.87000,32.65100,2.15000,-9999.00000,-9999.00000,-9999.00000,-9999.00000
49UP19980916,19981016,0953,0.15900,164.97500,606.10000,602.00000,7.19390,7.13496,34.56780,100.32700,34.20000,41.08670,2.33000,-9999.00000,-9999.00000,-9999.00000,-9999.00000
49UP19980916,19981016,0950,0.15900,164.97500,705.90000,701.00000,6.59430,6.52838,34.55400,98.96250,35.60000,47.33880,2.44000,-9999.00000,-9999.00000,-9999.00000,-9999.00000
49UP19980916,19981016,0947,0.15900,164.97500,807.00000,801.00000,5.81160,5.74045,34.53980,99.54750,36.70000,57.26800,2.55000,-9999.00000,-9999.00000,-9999.00000,-9999.00000
49UP19980916,19981016,0944,0.15900,164.97500,907.50000,901.00000,5.14890,5.07281,34.53870,101.01000,37.39000,68.76280,2.60000,-9999.00000,-9999.00000,-9999.00000,-9999.00000
49UP19980916,19981016,0941,0.15900,164.97500,1009.20000,1001.00000,4.54250,4.46178,34.55350,94.45430,38.70140,82.54060,2.71944,-9999.00000,-9999.00000,-9999.00000,-9999.00000
49UP19980916,19981016,0941,0.15900,164.97500,1011.90000,1004.00000,4.54070,4.45976,34.55150,94.47750,38.71000,82.78110,2.72000,-9999.00000,-9999.00000,-9999.00000,-9999.00000
49UP19980916,19981016,0936,0.15900,164.97500,1260.10000,1249.00000,3.66670,3.57194,34.58420,101.69200,38.57000,100.21900,2.71000,-9999.00000,-9999.00000,-9999.00000,-9999.00000
49UP19980916,19981016,0931,0.15900,164.97500,1513.50000,1500.00000,2.96660,2.85793,34.60700,105.30000,38.88000,116.34900,2.73000,-9999.00000,-9999.00000,-9999.00000,-9999.00000
49UP19980916,19981016,0927,0.15900,164.97500,1765.50000,1748.00000,2.55240,2.42775,34.62150,109.78500,38.66000,126.02100,2.71000,-9999.00000,-9999.00000,-9999.00000,-9999.00000
49UP19980916,19981016,0922,0.15900,164.97500,2040.50000,2019.00000,2.13820,1.99615,34.64420,116.80500,38.36000,135.56900,2.69000,-9999.00000,-9999.00000,-9999.00000,-9999.00000
49UP19980916,19981016,1907,-1.00630,164.96400,160.60000,160.00000,19.15350,19.12460,35.59550,-9999.00000,-9999.00000,-9999.00000,-9999.00000,-9999.00000,-9999.00000,-9999.00000,-9999.00000
49UP19980916,19981016,1906,-1.00630,164.96400,162.20000,161.00000,18.92790,18.89900,35.58070,-9999.00000,-9999.00000,-9999.00000,-9999.00000,-9999.00000,-9999.00000,-9999.00000,-9999.00000
49UP19980916,19981016,1902,-1.00630,164.96400,299.70000,298.00000,11.89310,11.85410,34.86500,-9999.00000,-9999.00000,-9999.00000,-9999.00000,-9999.00000,-9999.00000,-9999.00000,-9999.00000
49UP19980916,19981016,1902,-1.00630,164.96400,304.20000,302.00000,11.72130,11.68210,34.83920,-9999.00000,-9999.00000,-9999.00000,-9999.00000,-9999.00000,-9999.00000,-9999.00000,-9999.00000
49UP19980916,19981016,1844,-1.00630,164.96400,1010.80000,1003.00000,4.41490,4.33502,34.55550,-9999.00000,-9999.00000,-9999.00000,-9999.00000,-9999.00000,-9999.00000,-9999.00000,-9999.00000
49UP19980916,19981016,1844,-1.00630,164.96400,1014.80000,1007.00000,4.41270,4.33251,34.54920,-9999.00000,-9999.00000,-9999.00000,-9999.00000,-9999.00000,-9999.00000,-9999.00000,-9999.00000
49UP19980916,19981016,1845,-1.00630,164.96400,1018.40000,1010.00000,4.40710,4.32664,34.54900,-9999.00000,-9999.00000,-9999.00000,-9999.00000,-9999.00000,-9999.00000,-9999.00000,-9999.00000
49UP19980916,19981016,1845,-1.00630,164.96400,1021.00000,1013.00000,4.38110,4.30062,34.54900,-9999.00000,-9999.00000,-9999.00000,-9999.00000,-9999.00000,-9999.00000,-9999.00000,-9999.00000
49UP19980916,19981016,1846,-1.00630,164.96400,1023.80000,1016.00000,4.37260,4.29194,34.55010,-9999.00000,-9999.00000,-9999.00000,-9999.00000,-9999.00000,-9999.00000,-9999.00000,-9999.00000
49UP19980916,19981016,1813,-1.00630,164.96400,2532.80000,2504.00000,1.89820,1.71676,34.66220,-9999.00000,-9999.00000,-9999.00000,-9999.00000,-9999.00000,-9999.00000,-9999.00000,-9999.00000
49UP19980916,19981016,1814,-1.00630,164.96400,2535.50000,2506.00000,1.89950,1.71782,34.65540,-9999.00000,-9999.00000,-9999.00000,-9999.00000,-9999.00000,-9999.00000,-9999.00000,-9999.00000
49UP19980916,19981016,1814,-1.00630,164.96400,2536.30000,2507.00000,1.89820,1.71647,34.65540,-9999.00000,-9999.00000,-9999.00000,-9999.00000,-9999.00000,-9999.00000,-9999.00000,-9999.00000
49UP19980916,19981016,1815,-1.00630,164.96400,2538.30000,2509.00000,1.89750,1.71561,34.65460,-9999.00000,-9999.00000,-9999.00000,-9999.00000,-9999.00000,-9999.00000,-9999.00000,-9999.00000
49UP19980916,19981016,1815,-1.00630,164.96400,2539.50000,2510.00000,1.89510,1.71314,34.65520,-9999.00000,-9999.00000,-9999.00000,-9999.00000,-9999.00000,-9999.00000,-9999.00000,-9999.00000
49UP19980916,19981016,1816,-1.00630,164.96400,2540.40000,2511.00000,1.89430,1.71227,34.65500,-9999.00000,-9999.00000,-9999.00000,-9999.00000,-9999.00000,-9999.00000,-9999.00000,-9999.00000
49UP19980916,19981016,1816,-1.00630,164.96400,2541.10000,2512.00000,1.89590,1.71378,34.65560,-9999.00000,-9999.00000,-9999.00000,-9999.00000,-9999.00000,-9999.00000,-9999.00000,-9999.00000
49UP19980916,19981016,1732,-1.00630,164.96400,4469.50000,4399.00000,1.34150,0.97479,34.69810,-9999.00000,-9999.00000,-9999.00000,-9999.00000,-9999.00000,-9999.00000,-9999.00000,-9999.00000
49UP19980916,19981016,1731,-1.00630,164.96400,4472.70000,4402.00000,1.34400,0.97684,34.69790,-9999.00000,-9999.00000,-9999.00000,-9999.00000,-9999.00000,-9999.00000,-9999.00000,-9999.00000
49UP19980916,19981016,1735,-1.00630,164.96400,4473.60000,4403.00000,1.34280,0.97558,34.69790,-9999.00000,-9999.00000,-9999.00000,-9999.00000,-9999.00000,-9999.00000,-9999.00000,-9999.00000
49UP19980916,19981016,1731,-1.00630,164.96400,4475.70000,4405.00000,1.34300,0.97554,34.69750,-9999.00000,-9999.00000,-9999.00000,-9999.00000,-9999.00000,-9999.00000,-9999.00000,-9999.00000
49UP19980916,19981016,1735,-1.00630,164.96400,4476.10000,4405.00000,1.34260,0.97509,34.69890,-9999.00000,-9999.00000,-9999.00000,-9999.00000,-9999.00000,-9999.00000,-9999.00000,-9999.00000
49UP19980916,19981016,1730,-1.00630,164.96400,4477.50000,4407.00000,1.34050,0.97285,34.70560,-9999.00000,-9999.00000,-9999.00000,-9999.00000,-9999.00000,-9999.00000,-9999.00000,-9999.00000
49UP19980916,19981016,1734,-1.00630,164.96400,4478.70000,4408.00000,1.34300,0.97520,34.69670,-9999.00000,-9999.00000,-9999.00000,-9999.00000,-9999.00000,-9999.00000,-9999.00000,-9999.00000
49UP19980916,19981016,1734,-1.00630,164.96400,4480.50000,4410.00000,1.34140,0.97338,34.70530,-9999.00000,-9999.00000,-9999.00000,-9999.00000,-9999.00000,-9999.00000,-9999.00000,-9999.00000
49UP19980916,19981017,0712,-2.99630,165.00200,0.00000,0.00000,29.89000,29.89000,34.76200,193.34200,0.28000,1.86430,0.19000,-9999.00000,-9999.00000,-9999.00000,-9999.00000
49UP19980916,19981017,0710,-2.99630,165.00200,11.30000,11.00000,29.32000,29.31720,34.74160,193.14800,0.23000,1.06090,0.18000,-9999.00000,-9999.00000,-9999.00000,-9999.00000
49UP19980916,19981017,0709,-2.99630,165.00200,26.10000,26.00000,29.29380,29.28740,34.75180,196.56000,0.23000,1.34930,0.18000,-9999.00000,-9999.00000,-9999.00000,-9999.00000
49UP19980916,19981017,0708,-2.99630,165.00200,51.20000,51.00000,29.15080,29.13840,34.84450,194.70800,0.18000,1.18450,0.19000,-9999.00000,-9999.00000,-9999.00000,-9999.00000
49UP19980916,19981017,0706,-2.99630,165.00200,76.00000,76.00000,28.34400,28.32590,35.13060,191.78300,0.38000,1.31840,0.22000,-9999.00000,-9999.00000,-9999.00000,-9999.00000
49UP19980916,19981017,0705,-2.99630,165.00200,101.00000,100.00000,28.03740,28.01360,35.16270,192.07500,0.54000,1.40080,0.23000,-9999.00000,-9999.00000,-9999.00000,-9999.00000
49UP19980916,19981017,0704,-2.99630,165.00200,126.40000,126.00000,23.39280,23.36660,35.55480,110.85700,12.35000,3.32690,0.95000,-9999.00000,-9999.00000,-9999.00000,-9999.00000
49UP19980916,19981017,0702,-2.99630,165.00200,151.60000,151.00000,20.16330,20.13500,35.75690,106.47000,14.48000,5.05730,1.12000,-9999.00000,-9999.00000,-9999.00000,-9999.00000
49UP19980916,19981017,0701,-2.99630,165.00200,201.30000,200.00000,14.80460,14.77430,35.20060,102.47300,20.45000,11.35060,1.49000,-9999.00000,-9999.00000,-9999.00000,-9999.00000
49UP19980916,19981017,0659,-2.99630,165.00200,252.80000,251.00000,11.67470,11.64230,34.87940,118.95000,23.67000,15.93410,1.65000,-9999.00000,-9999.00000,-9999.00000,-9999.00000
49UP19980916,19981017,0657,-2.99630,165.00200,303.10000,301.00000,10.22120,10.18540,34.77450,103.54500,28.38000,21.85660,1.94000,-9999.00000,-9999.00000,-9999.00000,-9999.00000
49UP19980916,19981017,0655,-2.99630,165.00200,403.50000,401.00000,9.01720,8.97297,34.67010,112.41800,30.12000,25.24530,2.04000,-9999.00000,-9999.00000,-9999.00000,-9999.00000
49UP19980916,19981017,0653,-2.99630,165.00200,503.50000,500.00000,7.85050,7.79939,34.60070,100.23000,34.05000,33.53680,2.29000,-9999.00000,-9999.00000,-9999.00000,-9999.00000
49UP19980916,19981017,0650,-2.99630,165.00200,604.40000,600.00000,6.71720,6.66061,34.56130,84.53250,37.48000,44.76380,2.56000,-9999.00000,-9999.00000,-9999.00000,-9999.00000
49UP19980916,19981017,0648,-2.99630,165.00200,704.60000,700.00000,5.88050,5.81851,34.54820,81.12000,39.47000,57.01050,2.73000,-9999.00000,-9999.00000,-9999.00000,-9999.00000
49UP19980916,19981017,0645,-2.99630,165.00200,805.60000,800.00000,5.41990,5.35128,34.53740,91.45500,39.19000,62.89180,2.71000,-9999.00000,-9999.00000,-9999.00000,-9999.00000
49UP19980916,19981017,0643,-2.99630,165.00200,907.30000,900.00000,4.86810,4.79397,34.54150,92.43000,39.46000,73.03730,2.74000,-9999.00000,-9999.00000,-9999.00000,-9999.00000
49UP19980916,19981017,0641,-2.99630,165.00200,1008.40000,1000.00000,4.44000,4.36015,34.54820,97.20750,39.66000,81.03010,2.75000,-9999.00000,-9999.00000,-9999.00000,-9999.00000
49UP19980916,19981017,0636,-2.99630,165.00200,1261.80000,1251.00000,3.73300,3.63749,34.56880,100.91200,39.50000,97.04660,2.76000,-9999.00000,-9999.00000,-9999.00000,-9999.00000
49UP19980916,19981017,0632,-2.99630,165.00200,1514.90000,1501.00000,3.07570,2.96568,34.59420,109.88200,39.09000,111.12700,2.72000,-9999.00000,-9999.00000,-9999.00000,-9999.00000
49UP19980916,19981017,0627,-2.99630,165.00200,1767.70000,1751.00000,2.60930,2.48372,34.61530,115.53700,38.75000,121.34400,2.69000,-9999.00000,-9999.00000,-9999.00000,-9999.00000
49UP19980916,19981017,0623,-2.99630,165.00200,2034.80000,2014.00000,2.22460,2.08172,34.63850,-9999.00000,38.62000,131.90200,2.68000,-9999.00000,-9999.00000,-9999.00000,-9999.00000
49UP19980916,19981019,2017,-0.00080,162.98800,0.00000,0.00000,27.85510,27.85510,35.12510,193.73200,0.82000,1.32870,0.26000,-9999.00000,-9999.00000,-9999.00000,-9999.00000
49UP19980916,19981019,2014,-0.00080,162.98800,11.60000,12.00000,27.85900,27.85630,35.12510,192.45700,0.81017,1.49306,0.26000,-9999.00000,-9999.00000,-9999.00000,-9999.00000
49UP19980916,19981019,2013,-0.00080,162.98800,11.60000,12.00000,27.85590,27.85320,35.12660,192.45700,0.81017,1.49306,0.26000,-9999.00000,-9999.00000,-9999.00000,-9999.00000
49UP19980916,19981019,2012,-0.00080,162.98800,11.70000,12.00000,27.85460,27.85190,35.13130,192.46500,0.81000,1.49350,0.26000,-9999.00000,-9999.00000,-9999.00000,-9999.00000
49UP19980916,19981019,2013,-0.00080,162.98800,11.70000,12.00000,27.85340,27.85070,35.12630,192.46500,0.81000,1.49350,0.26000,-9999.00000,-9999.00000,-9999.00000,-9999.00000
49UP19980916,19981019,2014,-0.00080,162.98800,11.80000,12.00000,27.85760,27.85480,35.12630,192.47300,0.80982,1.49393,0.26000,-9999.00000,-9999.00000,-9999.00000,-9999.00000
49UP19980916,19981019,2011,-0.00080,162.98800,25.20000,25.00000,27.84570,27.83980,35.13330,196.26800,0.76000,1.50380,0.26000,-9999.00000,-9999.00000,-9999.00000,-9999.00000
49UP19980916,19981019,2009,-0.00080,162.98800,50.20000,50.00000,27.64410,27.63240,35.13440,192.75800,0.83000,1.40080,0.26000,-9999.00000,-9999.00000,-9999.00000,-9999.00000
49UP19980916,19981019,2008,-0.00080,162.98800,76.00000,76.00000,27.46580,27.44810,35.12780,188.76000,0.97000,1.34930,0.27000,-9999.00000,-9999.00000,-9999.00000,-9999.00000
49UP19980916,19981019,2006,-0.00080,162.98800,104.30000,104.00000,25.81460,25.79140,35.17660,165.94500,4.17000,2.51320,0.45000,-9999.00000,-9999.00000,-9999.00000,-9999.00000
49UP19980916,19981019,2004,-0.00080,162.98800,127.10000,126.00000,22.54510,22.51950,35.07900,147.32200,7.45000,4.85130,0.62000,-9999.00000,-9999.00000,-9999.00000,-9999.00000
49UP19980916,19981019,2003,-0.00080,162.98800,150.40000,149.00000,21.17720,21.14820,35.46260,146.64000,8.29000,3.85220,0.69000,-9999.00000,-9999.00000,-9999.00000,-9999.00000
49UP19980916,19981019,2001,-0.00080,162.98800,199.70000,198.00000,15.18050,15.15000,34.93790,139.62000,15.77000,14.93500,1.14000,-9999.00000,-9999.00000,-9999.00000,-9999.00000
49UP19980916,19981019,1959,-0.00080,162.98800,248.90000,247.00000,13.00860,12.97430,34.81360,129.18800,20.12000,20.40430,1.42000,-9999.00000,-9999.00000,-9999.00000,-9999.00000
49UP19980916,19981019,1958,-0.00080,162.98800,301.50000,300.00000,12.75310,12.71200,34.91190,127.43300,20.90000,17.65420,1.48000,-9999.00000,-9999.00000,-9999.00000,-9999.00000
49UP19980916,19981019,1955,-0.00080,162.98800,402.80000,400.00000,9.69390,9.64773,34.70500,78.09750,31.60000,29.54040,2.19000,-9999.00000,-9999.00000,-9999.00000,-9999.00000
49UP19980916,19981019,1952,-0.00080,162.98800,503.70000,500.00000,8.36260,8.30954,34.62490,99.25500,32.21000,32.98060,2.23000,-9999.00000,-9999.00000,-9999.00000,-9999.00000
49UP19980916,19981019,1949,-0.00080,162.98800,603.70000,599.00000,7.14990,7.09141,34.56740,101.59500,34.04000,41.13820,2.39000,-9999.00000,-9999.00000,-9999.00000,-9999.00000
49UP19980916,19981019,1947,-0.00080,162.98800,704.40000,699.00000,6.24680,6.18288,34.54290,97.79250,36.24000,51.88110,2.56000,-9999.00000,-9999.00000,-9999.00000,-9999.00000
49UP19980916,19981019,1944,-0.00080,162.98800,806.30000,800.00000,5.66240,5.59223,34.53720,104.13000,36.46000,58.69970,2.57000,-9999.00000,-9999.00000,-9999.00000,-9999.00000
49UP19980916,19981019,1941,-0.00080,162.98800,906.70000,900.00000,5.08840,5.01281,34.53520,108.12800,36.79000,68.39200,2.60000,-9999.00000,-9999.00000,-9999.00000,-9999.00000
49UP19980916,19981019,1938,-0.00080,162.98800,1032.00000,1024.00000,4.53820,4.45552,34.55110,95.84250,38.57000,82.72960,2.75000,-9999.00000,-9999.00000,-9999.00000,-9999.00000
49UP19980916,19981020,0529,-0.00580,160.98400,0.00000,0.00000,28.42920,28.42920,34.99580,194.02500,0.44000,1.84370,0.25000,-9999.00000,-9999.00000,-9999.00000,-9999.00000
49UP19980916,19981020,0526,-0.00580,160.98400,10.20000,10.00000,28.13190,28.12950,34.98690,194.49300,0.33314,1.70274,0.24028,-9999.00000,-9999.00000,-9999.00000,-9999.00000
49UP19980916,19981020,0526,-0.00580,160.98400,10.20000,10.00000,28.14090,28.13850,34.99410,194.49300,0.33314,1.70274,0.24028,-9999.00000,-9999.00000,-9999.00000,-9999.00000
49UP19980916,19981020,0526,-0.00580,160.98400,10.40000,10.00000,28.14770,28.14520,34.99120,194.50600,0.32978,1.70058,0.24009,-9999.00000,-9999.00000,-9999.00000,-9999.00000
49UP19980916,19981020,0527,-0.00580,160.98400,10.50000,10.00000,28.14220,28.13970,35.00700,194.51200,0.33000,1.69950,0.24000,-9999.00000,-9999.00000,-9999.00000,-9999.00000
49UP19980916,19981020,0525,-0.00580,160.98400,10.50000,10.00000,28.09840,28.09590,34.99530,194.51200,0.33000,1.69950,0.24000,-9999.00000,-9999.00000,-9999.00000,-9999.00000
49UP19980916,19981020,0524,-0.00580,160.98400,24.40000,24.00000,27.93460,27.92890,34.99870,196.46200,0.40000,1.61710,0.23000,-9999.00000,-9999.00000,-9999.00000,-9999.00000
49UP19980916,19981020,0523,-0.00580,160.98400,51.20000,51.00000,27.87860,27.86660,35.01960,189.05300,0.62000,1.12270,0.25000,-9999.00000,-9999.00000,-9999.00000,-9999.00000
49UP19980916,19981020,0521,-0.00580,160.98400,76.70000,76.00000,27.82590,27.80790,35.03090,185.44500,0.97000,1.77160,0.27000,-9999.00000,-9999.00000,-9999.00000,-9999.00000
49UP19980916,19981020,0520,-0.00580,160.98400,102.40000,102.00000,26.55820,26.53500,35.08710,168.38300,2.99000,2.15270,0.38000,-9999.00000,-9999.00000,-9999.00000,-9999.00000
49UP19980916,19981020,0519,-0.00580,160.98400,127.60000,127.00000,24.37920,24.35200,34.99620,152.29500,5.90000,3.40930,0.52000,-9999.00000,-9999.00000,-9999.00000,-9999.00000
49UP19980916,19981020,0517,-0.00580,160.98400,150.10000,149.00000,21.56530,21.53600,35.21560,148.58400,9.15989,7.16852,0.72566,-9999.00000,-9999.00000,-9999.00000,-9999.00000
49UP19980916,19981020,0516,-0.00580,160.98400,200.90000,200.00000,14.73770,14.70760,34.93740,140.20500,16.52000,15.65600,1.19000,-9999.00000,-9999.00000,-9999.00000,-9999.00000
49UP19980916,19981020,0515,-0.00580,160.98400,250.50000,249.00000,12.62700,12.59320,34.76360,126.16500,20.90000,22.02140,1.48000,-9999.00000,-9999.00000,-9999.00000,-9999.00000
49UP19980916,19981020,0513,-0.00580,160.98400,302.40000,301.00000,12.19510,12.15510,34.87820,120.70500,22.48000,18.39580,1.59000,-9999.00000,-9999.00000,-9999.00000,-9999.00000
49UP19980916,19981020,0511,-0.00580,160.98400,403.40000,401.00000,9.94170,9.89473,34.71540,82.38750,30.55000,28.47950,2.12000,-9999.00000,-9999.00000,-9999.00000,-9999.00000
49UP19980916,19981020,0508,-0.00580,160.98400,504.20000,501.00000,8.02140,7.96957,34.60180,104.81200,32.09000,33.90760,2.24000,-9999.00000,-9999.00000,-9999.00000,-9999.00000
49UP19980916,19981020,0506,-0.00580,160.98400,604.50000,600.00000,7.04030,6.98224,34.55440,104.91000,33.71000,41.66350,2.38000,-9999.00000,-9999.00000,-9999.00000,-9999.00000
49UP19980916,19981020,0504,-0.00580,160.98400,705.00000,700.00000,6.18280,6.11917,34.53450,102.27700,35.85000,52.29310,2.54000,-9999.00000,-9999.00000,-9999.00000,-9999.00000
49UP19980916,19981020,0501,-0.00580,160.98400,806.50000,801.00000,5.66870,5.59849,34.52630,102.18000,36.53000,59.15290,2.60000,-9999.00000,-9999.00000,-9999.00000,-9999.00000
49UP19980916,19981020,0459,-0.00580,160.98400,906.80000,900.00000,5.09200,5.01639,34.52250,108.51800,36.50000,68.09330,2.60000,-9999.00000,-9999.00000,-9999.00000,-9999.00000
49UP19980916,19981020,0456,-0.00580,160.98400,1031.60000,1023.00000,4.56420,4.48137,34.53790,95.16000,38.49000,82.25580,2.76000,-9999.00000,-9999.00000,-9999.00000,-9999.00000
49UP19980916,19981020,1438,-0.00200,158.99300,0.00000,0.00000,28.67310,28.67310,34.98600,198.21700,0.11000,1.47290,0.21000,-9999.00000,-9999.00000,-9999.00000,-9999.00000
49UP19980916,19981020,1436,-0.00200,158.99300,10.00000,10.00000,28.67720,28.67480,34.98330,195.39800,0.08063,1.18489,0.20006,-9999.00000,-9999.00000,-9999.00000,-9999.00000
49UP19980916,19981020,1435,-0.00200,158.99300,10.00000,10.00000,28.67860,28.67620,34.99080,195.39800,0.08063,1.18489,0.20006,-9999.00000,-9999.00000,-9999.00000,-9999.00000
49UP19980916,19981020,1435,-0.00200,158.99300,10.10000,10.00000,28.67850,28.67610,34.98950,195.39400,0.08031,1.18466,0.20003,-9999.00000,-9999.00000,-9999.00000,-9999.00000
49UP19980916,19981020,1435,-0.00200,158.99300,10.20000,10.00000,28.68010,28.67770,34.99290,195.39000,0.08000,1.18450,0.20000,-9999.00000,-9999.00000,-9999.00000,-9999.00000
49UP19980916,19981020,1434,-0.00200,158.99300,23.30000,23.00000,28.60100,28.59540,34.99530,198.41300,0.02000,1.27720,0.20000,-9999.00000,-9999.00000,-9999.00000,-9999.00000
49UP19980916,19981020,1432,-0.00200,158.99300,51.40000,51.00000,28.09020,28.07810,35.04260,189.15000,0.25000,1.78190,0.21000,-9999.00000,-9999.00000,-9999.00000,-9999.00000
49UP19980916,19981020,1431,-0.00200,158.99300,75.80000,75.00000,27.72390,27.70620,35.01760,182.81200,0.96000,1.40080,0.24000,-9999.00000,-9999.00000,-9999.00000,-9999.00000
49UP19980916,19981020,1430,-0.00200,158.99300,101.50000,101.00000,26.38840,26.36550,34.95250,168.18800,3.53000,3.09000,0.37000,-9999.00000,-9999.00000,-9999.00000,-9999.00000
49UP19980916,19981020,1429,-0.00200,158.99300,126.80000,126.00000,23.00640,22.98050,35.04840,149.95500,6.78000,4.58350,0.55000,-9999.00000,-9999.00000,-9999.00000,-9999.00000
49UP19980916,19981020,1427,-0.00200,158.99300,149.80000,149.00000,20.29260,20.26460,35.41520,145.27500,9.55000,4.64530,0.73000,-9999.00000,-9999.00000,-9999.00000,-9999.00000
49UP19980916,19981020,1426,-0.00200,158.99300,200.20000,199.00000,15.25890,15.22830,34.84450,140.79000,15.55000,15.98560,1.10000,-9999.00000,-9999.00000,-9999.00000,-9999.00000
49UP19980916,19981020,1425,-0.00200,158.99300,251.40000,250.00000,12.81440,12.78010,34.83750,129.48000,20.36000,19.85840,1.42000,-9999.00000,-9999.00000,-9999.00000,-9999.00000
49UP19980916,19981020,1423,-0.00200,158.99300,301.20000,299.00000,12.06090,12.02140,34.79470,125.77500,22.33000,21.60940,1.56000,-9999.00000,-9999.00000,-9999.00000,-9999.00000
49UP19980916,19981020,1421,-0.00200,158.99300,403.10000,400.00000,9.44160,9.39615,34.68230,88.33500,30.88000,29.43740,2.13000,-9999.00000,-9999.00000,-9999.00000,-9999.00000
49UP19980916,19981020,1418,-0.00200,158.99300,505.20000,502.00000,7.95250,7.90084,34.58960,115.24500,31.12000,34.36080,2.16000,-9999.00000,-9999.00000,-9999.00000,-9999.00000
49UP19980916,19981020,1416,-0.00200,158.99300,604.20000,600.00000,6.75530,6.69857,34.54470,102.86300,34.45000,45.52600,2.42000,-9999.00000,-9999.00000,-9999.00000,-9999.00000
49UP19980916,19981020,1413,-0.00200,158.99300,704.70000,700.00000,6.03140,5.96861,34.53090,103.54500,35.80000,54.84750,2.53000,-9999.00000,-9999.00000,-9999.00000,-9999.00000
49UP19980916,19981020,1411,-0.00200,158.99300,807.60000,802.00000,5.53900,5.46948,34.52530,105.49500,36.13000,62.21200,2.57000,-9999.00000,-9999.00000,-9999.00000,-9999.00000
49UP19980916,19981020,1409,-0.00200,158.99300,907.60000,901.00000,5.05840,4.98295,34.52460,107.44500,36.51000,70.59620,2.59000,-9999.00000,-9999.00000,-9999.00000,-9999.00000
49UP19980916,19981020,1406,-0.00200,158.99300,1020.40000,1012.00000,4.41540,4.33471,34.54060,96.72000,38.41000,86.31400,2.75000,-9999.00000,-9999.00000,-9999.00000,-9999.00000
49UP19980916,19981020,2343,-0.00130,156.99100,0.00000,0.00000,29.44970,29.44970,34.95620,193.05000,0.05000,1.56560,0.20000,-9999.00000,-9999.00000,-9999.00000,-9999.00000
49UP19980916,19981020,2341,-0.00130,156.99100,9.70000,10.00000,29.35510,29.35270,34.95740,193.80700,0.01081,1.28717,0.19009,-9999.00000,-9999.00000,-9999.00000,-9999.00000
49UP19980916,19981020,2340,-0.00130,156.99100,9.80000,10.00000,29.35550,29.35310,34.95750,193.81800,0.01033,1.28729,0.19005,-9999.00000,-9999.00000,-9999.00000,-9999.00000
49UP19980916,19981020,2340,-0.00130,156.99100,9.90000,10.00000,29.35480,29.35240,34.96160,193.83000,0.01000,1.28750,0.19000,-9999.00000,-9999.00000,-9999.00000,-9999.00000
49UP19980916,19981020,2340,-0.00130,156.99100,10.10000,10.00000,29.37180,29.36930,34.95390,193.85500,0.00987,1.28805,0.18991,-9999.00000,-9999.00000,-9999.00000,-9999.00000
49UP19980916,19981020,2338,-0.00130,156.99100,25.20000,25.00000,29.08790,29.08180,34.99890,197.34000,0.00000,1.42140,0.19000,-9999.00000,-9999.00000,-9999.00000,-9999.00000
49UP19980916,19981020,2337,-0.00130,156.99100,49.90000,50.00000,28.14280,28.13100,34.99740,191.49000,0.28000,1.45230,0.21000,-9999.00000,-9999.00000,-9999.00000,-9999.00000
49UP19980916,19981020,2336,-0.00130,156.99100,77.80000,77.00000,27.93890,27.92060,34.99260,186.32200,0.64000,1.22570,0.22000,-9999.00000,-9999.00000,-9999.00000,-9999.00000
49UP19980916,19981020,2335,-0.00130,156.99100,102.10000,102.00000,25.16380,25.14160,34.91510,159.70500,4.59000,3.47110,0.42000,-9999.00000,-9999.00000,-9999.00000,-9999.00000
49UP19980916,19981020,2333,-0.00130,156.99100,126.20000,125.00000,23.37080,23.34470,35.04150,150.15000,6.40000,3.84190,0.52000,-9999.00000,-9999.00000,-9999.00000,-9999.00000
49UP19980916,19981020,2332,-0.00130,156.99100,151.50000,151.00000,19.97580,19.94780,35.43050,146.83500,10.04000,4.95430,0.77000,-9999.00000,-9999.00000,-9999.00000,-9999.00000
49UP19980916,19981020,2330,-0.00130,156.99100,199.90000,199.00000,14.23100,14.20190,34.72660,135.13500,17.41000,18.73570,1.23000,-9999.00000,-9999.00000,-9999.00000,-9999.00000
49UP19980916,19981020,2329,-0.00130,156.99100,252.40000,251.00000,12.88790,12.85330,34.87820,131.52700,20.02000,18.25160,1.40000,-9999.00000,-9999.00000,-9999.00000,-9999.00000
49UP19980916,19981020,2327,-0.00130,156.99100,301.80000,300.00000,11.84480,11.80570,34.77980,121.48500,23.14000,22.47460,1.62000,-9999.00000,-9999.00000,-9999.00000,-9999.00000
49UP19980916,19981020,2325,-0.00130,156.99100,403.40000,401.00000,9.35700,9.31177,34.67600,95.35500,30.35000,29.34470,2.10000,-9999.00000,-9999.00000,-9999.00000,-9999.00000
49UP19980916,19981020,2322,-0.00130,156.99100,505.20000,502.00000,8.09180,8.03960,34.60440,118.46300,30.58000,32.09480,2.12000,-9999.00000,-9999.00000,-9999.00000,-9999.00000
49UP19980916,19981020,2320,-0.00130,156.99100,605.80000,602.00000,7.09010,7.03168,34.55460,107.44500,33.42000,41.45750,2.35000,-9999.00000,-9999.00000,-9999.00000,-9999.00000
49UP19980916,19981020,2317,-0.00130,156.99100,705.00000,700.00000,5.98960,5.92700,34.53770,105.39700,35.75000,55.05350,2.53000,-9999.00000,-9999.00000,-9999.00000,-9999.00000
49UP19980916,19981020,2315,-0.00130,156.99100,807.30000,801.00000,5.41900,5.35023,34.53600,107.54300,36.14000,64.87970,2.56000,-9999.00000,-9999.00000,-9999.00000,-9999.00000
49UP19980916,19981020,2313,-0.00130,156.99100,906.60000,900.00000,4.84450,4.77061,34.52990,104.13000,37.11000,75.16940,2.64000,-9999.00000,-9999.00000,-9999.00000,-9999.00000
49UP19980916,19981020,2310,-0.00130,156.99100,1021.90000,1014.00000,4.39440,4.31376,34.53480,97.79250,38.33000,86.12860,2.74000,-9999.00000,-9999.00000,-9999.00000,-9999.00000
49UP19980916,19981021,1005,-0.00380,154.98800,0.00000,0.00000,29.41600,29.41600,34.95580,194.61000,0.01000,2.28660,0.22000,-9999.00000,-9999.00000,-9999.00000,-9999.00000
49UP19980916,19981021,1002,-0.00380,154.98800,11.50000,11.00000,29.34080,29.33800,34.95450,195.16800,0.00017,1.86029,0.20001,-9999.00000,-9999.00000,-9999.00000,-9999.00000
49UP19980916,19981021,1001,-0.00380,154.98800,11.50000,11.00000,29.37280,29.37000,34.96370,195.16800,0.00017,1.86029,0.20001,-9999.00000,-9999.00000,-9999.00000,-9999.00000
49UP19980916,19981021,1001,-0.00380,154.98800,11.70000,12.00000,29.30640,29.30350,34.96110,195.19500,0.00000,1.85400,0.20000,-9999.00000,-9999.00000,-9999.00000,-9999.00000
49UP19980916,19981021,1002,-0.00380,154.98800,11.90000,12.00000,29.30750,29.30460,34.95420,195.22400,-9999.00000,1.84771,0.20000,-9999.00000,-9999.00000,-9999.00000,-9999.00000
49UP19980916,19981021,1002,-0.00380,154.98800,12.00000,12.00000,29.34010,29.33720,34.95070,195.24100,-9999.00000,1.84456,0.20000,-9999.00000,-9999.00000,-9999.00000,-9999.00000
49UP19980916,19981021,0959,-0.00380,154.98800,25.00000,25.00000,28.72900,28.72300,34.95740,199.19300,-9999.00000,1.58620,0.20000,-9999.00000,-9999.00000,-9999.00000,-9999.00000
49UP19980916,19981021,0958,-0.00380,154.98800,49.80000,50.00000,28.37900,28.36720,34.97930,194.90200,0.02000,1.93640,0.20000,-9999.00000,-9999.00000,-9999.00000,-9999.00000
49UP19980916,19981021,0956,-0.00380,154.98800,75.20000,75.00000,28.09400,28.07620,34.94550,188.85700,0.42000,2.14240,0.22000,-9999.00000,-9999.00000,-9999.00000,-9999.00000
49UP19980916,19981021,0955,-0.00380,154.98800,101.60000,101.00000,26.98690,26.96360,34.92350,173.16000,2.24000,2.04970,0.29000,-9999.00000,-9999.00000,-9999.00000,-9999.00000
49UP19980916,19981021,0953,-0.00380,154.98800,126.70000,126.00000,25.09650,25.06890,35.13900,155.80500,4.64000,2.38960,0.42000,-9999.00000,-9999.00000,-9999.00000,-9999.00000
49UP19980916,19981021,0951,-0.00380,154.98800,153.10000,152.00000,21.13550,21.10600,35.51810,146.93200,8.24000,3.52260,0.67000,-9999.00000,-9999.00000,-9999.00000,-9999.00000
49UP19980916,19981021,0949,-0.00380,154.98800,199.40000,198.00000,16.34550,16.31350,35.04420,142.05700,14.29000,12.64840,1.04000,-9999.00000,-9999.00000,-9999.00000,-9999.00000
49UP19980916,19981021,0947,-0.00380,154.98800,249.90000,248.00000,12.86060,12.82640,34.89630,133.86700,19.78000,17.22160,1.40000,-9999.00000,-9999.00000,-9999.00000,-9999.00000
49UP19980916,19981021,0946,-0.00380,154.98800,301.80000,300.00000,11.74370,11.70480,34.79780,128.70000,22.46000,21.35190,1.60000,-9999.00000,-9999.00000,-9999.00000,-9999.00000
49UP19980916,19981021,0943,-0.00380,154.98800,404.50000,402.00000,9.49870,9.45292,34.68680,90.18750,30.72000,29.29320,2.14000,-9999.00000,-9999.00000,-9999.00000,-9999.00000
49UP19980916,19981021,0940,-0.00380,154.98800,506.60000,503.00000,8.30280,8.24966,34.61050,116.61000,30.26000,31.93000,2.12000,-9999.00000,-9999.00000,-9999.00000,-9999.00000
49UP19980916,19981021,0936,-0.00380,154.98800,606.00000,602.00000,7.18160,7.12274,34.55740,108.22500,33.16000,40.87040,2.35000,-9999.00000,-9999.00000,-9999.00000,-9999.00000
49UP19980916,19981021,0934,-0.00380,154.98800,705.40000,700.00000,6.17570,6.11207,34.53420,103.54500,35.70000,53.26130,2.54000,-9999.00000,-9999.00000,-9999.00000,-9999.00000
49UP19980916,19981021,0931,-0.00380,154.98800,806.00000,800.00000,5.55560,5.48613,34.52270,113.68500,35.70000,60.27560,2.54000,-9999.00000,-9999.00000,-9999.00000,-9999.00000
49UP19980916,19981021,0929,-0.00380,154.98800,905.50000,899.00000,4.97260,4.89792,34.53070,104.13000,36.96000,75.80800,2.66000,-9999.00000,-9999.00000,-9999.00000,-9999.00000
49UP19980916,19981021,0926,-0.00380,154.98800,1026.90000,1019.00000,4.56570,4.48328,34.53700,101.20500,38.12000,81.75110,2.75000,-9999.00000,-9999.00000,-9999.00000,-9999.00000
49UP19980916,19981021,1849,-0.00170,153.00100,0.00000,0.00000,29.31730,29.31730,34.92250,191.97700,0.05000,1.23600,0.19000,-9999.00000,-9999.00000,-9999.00000,-9999.00000
49UP19980916,19981021,1845,-0.00170,153.00100,11.00000,11.00000,29.30930,29.30660,34.93200,192.56200,0.05000,1.16390,0.18000,-9999.00000,-9999.00000,-9999.00000,-9999.00000
49UP19980916,19981021,1845,-0.00170,153.00100,11.10000,11.00000,29.30440,29.30170,34.92420,192.57300,0.04987,1.16428,0.18000,-9999.00000,-9999.00000,-9999.00000,-9999.00000
49UP19980916,19981021,1846,-0.00170,153.00100,11.20000,11.00000,29.30620,29.30350,34.92470,192.58300,0.04973,1.16473,0.18000,-9999.00000,-9999.00000,-9999.00000,-9999.00000
49UP19980916,19981021,1846,-0.00170,153.00100,11.20000,11.00000,29.31400,29.31130,34.92480,192.58300,0.04973,1.16473,0.18000,-9999.00000,-9999.00000,-9999.00000,-9999.00000
49UP19980916,19981021,1846,-0.00170,153.00100,11.40000,11.00000,29.31150,29.30870,34.92480,192.60500,0.04943,1.16579,0.18000,-9999.00000,-9999.00000,-9999.00000,-9999.00000
49UP19980916,19981021,1843,-0.00170,153.00100,26.40000,26.00000,29.12420,29.11780,34.91770,195.48800,0.01000,1.43170,0.18000,-9999.00000,-9999.00000,-9999.00000,-9999.00000
49UP19980916,19981021,1842,-0.00170,153.00100,51.10000,51.00000,28.38560,28.37340,34.92500,193.34200,0.01000,1.05060,0.18000,-9999.00000,-9999.00000,-9999.00000,-9999.00000
49UP19980916,19981021,1841,-0.00170,153.00100,76.50000,76.00000,28.18250,28.16440,34.93560,188.85700,0.03000,1.15360,0.20000,-9999.00000,-9999.00000,-9999.00000,-9999.00000
49UP19980916,19981021,1839,-0.00170,153.00100,103.70000,103.00000,27.89200,27.86760,34.96920,184.95800,0.30000,1.40080,0.21000,-9999.00000,-9999.00000,-9999.00000,-9999.00000
49UP19980916,19981021,1838,-0.00170,153.00100,125.70000,125.00000,24.84900,24.82180,35.19620,155.02500,4.65000,2.31750,0.43000,-9999.00000,-9999.00000,-9999.00000,-9999.00000
49UP19980916,19981021,1837,-0.00170,153.00100,152.40000,152.00000,23.16380,23.13240,35.58640,155.41500,5.31000,2.23510,0.51000,-9999.00000,-9999.00000,-9999.00000,-9999.00000
49UP19980916,19981021,1835,-0.00170,153.00100,201.90000,201.00000,17.01430,16.98090,35.04960,144.69000,12.66000,10.93860,0.96000,-9999.00000,-9999.00000,-9999.00000,-9999.00000
49UP19980916,19981021,1834,-0.00170,153.00100,251.50000,250.00000,13.70580,13.67000,34.79510,131.82000,18.41000,19.62150,1.34000,-9999.00000,-9999.00000,-9999.00000,-9999.00000
49UP19980916,19981021,1832,-0.00170,153.00100,302.70000,301.00000,11.38910,11.35080,34.80610,123.33800,23.34000,21.33130,1.66000,-9999.00000,-9999.00000,-9999.00000,-9999.00000
49UP19980916,19981021,1830,-0.00170,153.00100,402.80000,400.00000,9.34200,9.29688,34.67790,98.86500,29.72000,28.90180,2.07000,-9999.00000,-9999.00000,-9999.00000,-9999.00000
49UP19980916,19981021,1828,-0.00170,153.00100,503.90000,501.00000,8.66690,8.61268,34.63060,108.03000,30.34000,31.21930,2.11000,-9999.00000,-9999.00000,-9999.00000,-9999.00000
49UP19980916,19981021,1825,-0.00170,153.00100,605.30000,601.00000,7.00470,6.94672,34.55510,109.98000,33.29000,41.30300,2.34000,-9999.00000,-9999.00000,-9999.00000,-9999.00000
49UP19980916,19981021,1823,-0.00170,153.00100,705.30000,700.00000,6.28560,6.22140,34.53620,102.66800,35.69000,51.61330,2.52000,-9999.00000,-9999.00000,-9999.00000,-9999.00000
49UP19980916,19981021,1821,-0.00170,153.00100,806.60000,801.00000,5.47360,5.40457,34.52700,111.34500,35.76000,62.89180,2.52000,-9999.00000,-9999.00000,-9999.00000,-9999.00000
49UP19980916,19981021,1819,-0.00170,153.00100,907.70000,901.00000,4.64510,4.57249,34.53510,102.86300,37.63000,79.45420,2.67000,-9999.00000,-9999.00000,-9999.00000,-9999.00000
49UP19980916,19981021,1816,-0.00170,153.00100,1033.40000,1025.00000,4.19210,4.11205,34.54100,-9999.00000,-9999.00000,-9999.00000,-9999.00000,-9999.00000,-9999.00000,-9999.00000,-9999.00000
49UP19980916,19981022,0359,-0.00320,150.99700,0.00000,0.00000,29.51520,29.51520,34.89840,191.97700,0.24000,1.56560,0.20000,-9999.00000,-9999.00000,-9999.00000,-9999.00000
49UP19980916,19981022,0355,-0.00320,150.99700,10.00000,10.00000,29.10560,29.10320,34.92520,193.53800,0.17000,1.69950,0.19000,-9999.00000,-9999.00000,-9999.00000,-9999.00000
49UP19980916,19981022,0356,-0.00320,150.99700,10.20000,10.00000,29.13350,29.13100,34.91980,193.57300,0.16994,1.69938,0.18995,-9999.00000,-9999.00000,-9999.00000,-9999.00000
49UP19980916,19981022,0356,-0.00320,150.99700,10.20000,10.00000,29.12980,29.12730,34.91900,193.57300,0.16994,1.69938,0.18995,-9999.00000,-9999.00000,-9999.00000,-9999.00000
49UP19980916,19981022,0355,-0.00320,150.99700,10.50000,10.00000,29.12960,29.12710,34.91970,193.63000,0.16991,1.69873,0.18987,-9999.00000,-9999.00000,-9999.00000,-9999.00000
49UP19980916,19981022,0354,-0.00320,150.99700,25.00000,25.00000,28.85320,28.84720,34.91610,197.34000,0.19000,1.46260,0.19000,-9999.00000,-9999.00000,-9999.00000,-9999.00000
49UP19980916,19981022,0352,-0.00320,150.99700,50.80000,50.00000,28.39890,28.38680,34.88670,192.27000,0.17000,1.94670,0.18000,-9999.00000,-9999.00000,-9999.00000,-9999.00000
49UP19980916,19981022,0351,-0.00320,150.99700,76.00000,76.00000,28.33050,28.31240,34.89290,190.22300,0.18000,1.58620,0.18000,-9999.00000,-9999.00000,-9999.00000,-9999.00000
49UP19980916,19981022,0350,-0.00320,150.99700,102.00000,101.00000,27.46880,27.44510,34.94610,181.64300,0.89000,1.54500,0.22000,-9999.00000,-9999.00000,-9999.00000,-9999.00000
49UP19980916,19981022,0348,-0.00320,150.99700,126.70000,126.00000,22.33200,22.30670,35.00900,151.71000,6.63000,4.77920,0.56000,-9999.00000,-9999.00000,-9999.00000,-9999.00000
49UP19980916,19981022,0347,-0.00320,150.99700,151.20000,150.00000,20.81620,20.78740,35.41000,147.61500,8.56000,4.66590,0.70000,-9999.00000,-9999.00000,-9999.00000,-9999.00000
49UP19980916,19981022,0345,-0.00320,150.99700,200.90000,200.00000,17.67060,17.63650,35.26040,145.56800,11.71000,8.28120,0.91000,-9999.00000,-9999.00000,-9999.00000,-9999.00000
49UP19980916,19981022,0344,-0.00320,150.99700,251.10000,250.00000,12.19970,12.16660,34.59340,119.24300,21.84000,27.86150,1.56000,-9999.00000,-9999.00000,-9999.00000,-9999.00000
49UP19980916,19981022,0342,-0.00320,150.99700,302.30000,300.00000,11.60100,11.56230,34.85590,132.89300,22.10000,18.67390,1.57000,-9999.00000,-9999.00000,-9999.00000,-9999.00000
49UP19980916,19981022,0340,-0.00320,150.99700,403.10000,401.00000,9.38630,9.34102,34.67130,94.57500,30.16000,30.06570,2.11000,-9999.00000,-9999.00000,-9999.00000,-9999.00000
49UP19980916,19981022,0337,-0.00320,150.99700,504.10000,501.00000,8.11310,8.06094,34.59650,112.61300,31.02000,34.18570,2.16000,-9999.00000,-9999.00000,-9999.00000,-9999.00000
49UP19980916,19981022,0335,-0.00320,150.99700,604.90000,601.00000,6.99360,6.93571,34.55280,102.86300,34.16000,43.22910,2.40000,-9999.00000,-9999.00000,-9999.00000,-9999.00000
49UP19980916,19981022,0332,-0.00320,150.99700,705.30000,700.00000,6.18500,6.12134,34.53140,102.66800,35.89000,53.44670,2.53000,-9999.00000,-9999.00000,-9999.00000,-9999.00000
49UP19980916,19981022,0330,-0.00320,150.99700,805.50000,800.00000,5.36820,5.29994,34.51120,123.63000,35.05000,59.85330,2.46000,-9999.00000,-9999.00000,-9999.00000,-9999.00000
49UP19980916,19981022,0328,-0.00320,150.99700,906.50000,900.00000,4.53520,4.46346,34.53260,104.61800,37.80000,79.78380,2.68000,-9999.00000,-9999.00000,-9999.00000,-9999.00000
49UP19980916,19981022,0325,-0.00320,150.99700,1028.20000,1020.00000,4.38260,4.30149,34.54370,99.84000,38.37000,90.11470,2.72000,-9999.00000,-9999.00000,-9999.00000,-9999.00000
49UP19980916,19981022,1319,-0.00130,148.98100,0.00000,0.00000,29.37790,29.37790,34.92250,192.85500,0.05000,1.23600,0.19000,-9999.00000,-9999.00000,-9999.00000,-9999.00000
49UP19980916,19981022,1315,-0.00130,148.98100,10.50000,10.00000,29.30390,29.30130,34.92800,193.14800,0.00000,1.66860,0.18000,-9999.00000,-9999.00000,-9999.00000,-9999.00000
49UP19980916,19981022,1316,-0.00130,148.98100,10.60000,11.00000,29.36490,29.36230,34.92190,193.15800,0.00000,1.67142,0.17991,-9999.00000,-9999.00000,-9999.00000,-9999.00000
49UP19980916,19981022,1315,-0.00130,148.98100,10.60000,11.00000,29.36820,29.36560,34.92630,193.15800,0.00000,1.67142,0.17991,-9999.00000,-9999.00000,-9999.00000,-9999.00000
49UP19980916,19981022,1316,-0.00130,148.98100,10.70000,11.00000,29.36560,29.36300,34.92450,193.16900,0.00000,1.67422,0.17983,-9999.00000,-9999.00000,-9999.00000,-9999.00000
49UP19980916,19981022,1314,-0.00130,148.98100,25.60000,26.00000,29.09390,29.08770,34.90090,196.56000,0.00000,1.85400,0.17000,-9999.00000,-9999.00000,-9999.00000,-9999.00000
49UP19980916,19981022,1313,-0.00130,148.98100,51.40000,51.00000,28.84190,28.82950,34.89200,193.63500,0.00000,1.23600,0.17000,-9999.00000,-9999.00000,-9999.00000,-9999.00000
49UP19980916,19981022,1311,-0.00130,148.98100,76.80000,76.00000,28.72320,28.70480,34.90460,193.73200,0.00000,1.91580,0.17000,-9999.00000,-9999.00000,-9999.00000,-9999.00000
49UP19980916,19981022,1310,-0.00130,148.98100,102.50000,102.00000,26.76560,26.74220,34.94610,169.65000,2.37000,3.12090,0.29000,-9999.00000,-9999.00000,-9999.00000,-9999.00000
49UP19980916,19981022,1308,-0.00130,148.98100,127.10000,126.00000,23.60540,23.57890,35.21690,151.22300,5.84000,3.16210,0.51000,-9999.00000,-9999.00000,-9999.00000,-9999.00000
49UP19980916,19981022,1307,-0.00130,148.98100,152.80000,152.00000,20.82210,20.79300,35.33790,147.90800,8.52000,5.23240,0.68000,-9999.00000,-9999.00000,-9999.00000,-9999.00000
49UP19980916,19981022,1305,-0.00130,148.98100,202.40000,201.00000,17.55360,17.51940,35.25380,144.69000,12.07000,7.99280,0.92000,-9999.00000,-9999.00000,-9999.00000,-9999.00000
49UP19980916,19981022,1304,-0.00130,148.98100,251.60000,250.00000,12.66160,12.62760,34.70890,126.45700,20.59000,23.58700,1.47000,-9999.00000,-9999.00000,-9999.00000,-9999.00000
49UP19980916,19981022,1302,-0.00130,148.98100,303.50000,302.00000,10.99690,10.95940,34.68800,116.41500,24.72000,28.51040,1.75000,-9999.00000,-9999.00000,-9999.00000,-9999.00000
49UP19980916,19981022,1259,-0.00130,148.98100,403.90000,401.00000,9.77810,9.73156,34.70200,93.21000,29.46000,28.29410,2.06000,-9999.00000,-9999.00000,-9999.00000,-9999.00000
49UP19980916,19981022,1257,-0.00130,148.98100,505.70000,502.00000,8.30620,8.25314,34.61640,124.70200,29.34000,30.22020,2.04000,-9999.00000,-9999.00000,-9999.00000,-9999.00000
49UP19980916,19981022,1254,-0.00130,148.98100,605.60000,601.00000,7.05280,6.99456,34.55900,103.35000,33.62000,42.81710,2.37000,-9999.00000,-9999.00000,-9999.00000,-9999.00000
49UP19980916,19981022,1251,-0.00130,148.98100,706.40000,701.00000,6.22900,6.16500,34.53190,106.08000,35.14000,52.13860,2.49000,-9999.00000,-9999.00000,-9999.00000,-9999.00000
49UP19980916,19981022,1249,-0.00130,148.98100,807.20000,801.00000,5.52330,5.45391,34.52930,115.63500,35.30000,59.15290,2.49000,-9999.00000,-9999.00000,-9999.00000,-9999.00000
49UP19980916,19981022,1247,-0.00130,148.98100,908.30000,901.00000,4.71010,4.63701,34.51820,117.19500,36.29000,71.83220,2.56000,-9999.00000,-9999.00000,-9999.00000,-9999.00000
49UP19980916,19981022,1244,-0.00130,148.98100,1017.90000,1010.00000,4.32950,4.24970,34.54120,101.40000,38.05000,86.26250,2.74000,-9999.00000,-9999.00000,-9999.00000,-9999.00000
49UP19980916,19981106,1204,27.04950,143.12400,34.90000,35.00000,28.09990,28.09170,34.80350,-9999.00000,-9999.00000,-9999.00000,-9999.00000,-9999.00000,-9999.00000,-9999.00000,-9999.00000
49UP19980916,19981106,1204,27.04950,143.12400,35.10000,35.00000,28.09930,28.09100,34.80850,-9999.00000,-9999.00000,-9999.00000,-9999.00000,-9999.00000,-9999.00000,-9999.00000,-9999.00000
49UP19980916,19981106,1201,27.04950,143.12400,101.30000,101.00000,21.56640,21.54670,34.96550,-9999.00000,-9999.00000,-9999.00000,-9999.00000,-9999.00000,-9999.00000,-9999.00000,-9999.00000
49UP19980916,19981106,1201,27.04950,143.12400,102.40000,102.00000,21.69710,21.67710,34.94790,-9999.00000,-9999.00000,-9999.00000,-9999.00000,-9999.00000,-9999.00000,-9999.00000,-9999.00000
49UP19980916,19981106,1159,27.04950,143.12400,147.40000,146.00000,19.59610,19.56930,34.88720,-9999.00000,-9999.00000,-9999.00000,-9999.00000,-9999.00000,-9999.00000,-9999.00000,-9999.00000
49UP19980916,19981106,1159,27.04950,143.12400,148.00000,147.00000,19.59900,19.57210,34.87960,-9999.00000,-9999.00000,-9999.00000,-9999.00000,-9999.00000,-9999.00000,-9999.00000,-9999.00000
49UP19980916,19981106,1156,27.04950,143.12400,199.10000,198.00000,18.19590,18.16150,34.84990,-9999.00000,-9999.00000,-9999.00000,-9999.00000,-9999.00000,-9999.00000,-9999.00000,-9999.00000
49UP19980916,19981106,1157,27.04950,143.12400,200.20000,199.00000,18.20800,18.17340,34.84120,-9999.00000,-9999.00000,-9999.00000,-9999.00000,-9999.00000,-9999.00000,-9999.00000,-9999.00000
49UP19980916,19981106,1152,27.04950,143.12400,299.70000,297.00000,16.69580,16.64690,34.77210,-9999.00000,-9999.00000,-9999.00000,-9999.00000,-9999.00000,-9999.00000,-9999.00000,-9999.00000
49UP19980916,19981106,1153,27.04950,143.12400,301.00000,299.00000,16.67250,16.62340,34.75100,-9999.00000,-9999.00000,-9999.00000,-9999.00000,-9999.00000,-9999.00000,-9999.00000,-9999.00000
49UP19980916,19981106,1149,27.04950,143.12400,402.50000,400.00000,14.59610,14.53610,34.60160,-9999.00000,-9999.00000,-9999.00000,-9999.00000,-9999.00000,-9999.00000,-9999.00000,-9999.00000
49UP19980916,19981106,1150,27.04950,143.12400,403.50000,400.00000,14.58760,14.52750,34.58900,-9999.00000,-9999.00000,-9999.00000,-9999.00000,-9999.00000,-9999.00000,-9999.00000,-9999.00000
49UP19980916,19981106,1145,27.04950,143.12400,503.50000,500.00000,11.40920,11.34520,34.35260,-9999.00000,-9999.00000,-9999.00000,-9999.00000,-9999.00000,-9999.00000,-9999.00000,-9999.00000
49UP19980916,19981106,1145,27.04950,143.12400,506.60000,503.00000,11.26560,11.20180,34.34760,-9999.00000,-9999.00000,-9999.00000,-9999.00000,-9999.00000,-9999.00000,-9999.00000,-9999.00000
49UP19980916,19981106,1146,27.04950,143.12400,507.70000,504.00000,11.21860,11.15480,34.33740,-9999.00000,-9999.00000,-9999.00000,-9999.00000,-9999.00000,-9999.00000,-9999.00000,-9999.00000
49UP19980916,19981106,1146,27.04950,143.12400,509.80000,506.00000,11.17480,11.11090,34.34100,-9999.00000,-9999.00000,-9999.00000,-9999.00000,-9999.00000,-9999.00000,-9999.00000,-9999.00000
49UP19980916,19981106,1137,27.04950,143.12400,754.80000,748.00000,5.96890,5.90226,34.09980,-9999.00000,-9999.00000,-9999.00000,-9999.00000,-9999.00000,-9999.00000,-9999.00000,-9999.00000
49UP19980916,19981106,1138,27.04950,143.12400,756.50000,750.00000,5.96640,5.89963,34.09080,-9999.00000,-9999.00000,-9999.00000,-9999.00000,-9999.00000,-9999.00000,-9999.00000,-9999.00000
49UP19980916,19981106,1138,27.04950,143.12400,757.80000,751.00000,5.96110,5.89424,34.09050,-9999.00000,-9999.00000,-9999.00000,-9999.00000,-9999.00000,-9999.00000,-9999.00000,-9999.00000
49UP19980916,19981106,1139,27.04950,143.12400,758.70000,752.00000,5.95790,5.89097,34.09350,-9999.00000,-9999.00000,-9999.00000,-9999.00000,-9999.00000,-9999.00000,-9999.00000,-9999.00000
49UP19980916,19981106,1132,27.04950,143.12400,1027.60000,1018.00000,3.92330,3.84630,34.28890,-9999.00000,-9999.00000,-9999.00000,-9999.00000,-9999.00000,-9999.00000,-9999.00000,-9999.00000
49UP19980916,19981106,1131,27.04950,143.12400,1027.60000,1018.00000,3.92580,3.84878,34.28950,-9999.00000,-9999.00000,-9999.00000,-9999.00000,-9999.00000,-9999.00000,-9999.00000,-9999.00000
49UP19980916,19981106,1130,27.04950,143.12400,1029.30000,1020.00000,3.90870,3.83168,34.28990,-9999.00000,-9999.00000,-9999.00000,-9999.00000,-9999.00000,-9999.00000,-9999.00000,-9999.00000
49UP19980916,19981106,1131,27.04950,143.12400,1029.60000,1020.00000,3.91860,3.84147,34.28970,-9999.00000,-9999.00000,-9999.00000,-9999.00000,-9999.00000,-9999.00000,-9999.00000,-9999.00000
49UP19980916,19981106,0720,27.04950,143.12400,2022.30000,1999.00000,1.92990,1.79273,34.60570,-9999.00000,-9999.00000,-9999.00000,-9999.00000,-9999.00000,-9999.00000,-9999.00000,-9999.00000
49UP19980916,19981106,0720,27.04950,143.12400,2023.70000,2001.00000,1.93220,1.79489,34.60110,-9999.00000,-9999.00000,-9999.00000,-9999.00000,-9999.00000,-9999.00000,-9999.00000,-9999.00000
49UP19980916,19981106,0721,27.04950,143.12400,2024.00000,2001.00000,1.93460,1.79723,34.60110,-9999.00000,-9999.00000,-9999.00000,-9999.00000,-9999.00000,-9999.00000,-9999.00000,-9999.00000
49UP19980916,19981106,0721,27.04950,143.12400,2024.10000,2001.00000,1.93260,1.79526,34.60010,-9999.00000,-9999.00000,-9999.00000,-9999.00000,-9999.00000,-9999.00000,-9999.00000,-9999.00000
49UP19980916,19981106,0722,27.04950,143.12400,2024.30000,2001.00000,1.93300,1.79563,34.60070,-9999.00000,-9999.00000,-9999.00000,-9999.00000,-9999.00000,-9999.00000,-9999.00000,-9999.00000
49UP19980916,19981106,0722,27.04950,143.12400,2024.70000,2002.00000,1.93270,1.79530,34.60070,-9999.00000,-9999.00000,-9999.00000,-9999.00000,-9999.00000,-9999.00000,-9999.00000,-9999.00000
49UP19980916,19981106,0723,27.04950,143.12400,2025.40000,2002.00000,1.93230,1.79485,34.60110,-9999.00000,-9999.00000,-9999.00000,-9999.00000,-9999.00000,-9999.00000,-9999.00000,-9999.00000
49UP19980916,19981106,0552,27.04950,143.12400,4067.00000,4002.00000,1.47150,1.14601,34.68710,-9999.00000,-9999.00000,-9999.00000,-9999.00000,-9999.00000,-9999.00000,-9999.00000,-9999.00000
49UP19980916,19981106,0552,27.04950,143.12400,4069.30000,4004.00000,1.47480,1.14900,34.68080,-9999.00000,-9999.00000,-9999.00000,-9999.00000,-9999.00000,-9999.00000,-9999.00000,-9999.00000
49UP19980916,19981106,0553,27.04950,143.12400,4072.80000,4008.00000,1.47340,1.14726,34.68120,-9999.00000,-9999.00000,-9999.00000,-9999.00000,-9999.00000,-9999.00000,-9999.00000,-9999.00000
49UP19980916,19981106,0553,27.04950,143.12400,4073.90000,4009.00000,1.47460,1.14831,34.68020,-9999.00000,-9999.00000,-9999.00000,-9999.00000,-9999.00000,-9999.00000,-9999.00000,-9999.00000
49UP19980916,19981106,0554,27.04950,143.12400,4077.20000,4012.00000,1.47640,1.14969,34.68100,-9999.00000,-9999.00000,-9999.00000,-9999.00000,-9999.00000,-9999.00000,-9999.00000,-9999.00000
49UP19980916,19981106,0554,27.04950,143.12400,4079.10000,4014.00000,1.47610,1.14919,34.68060,-9999.00000,-9999.00000,-9999.00000,-9999.00000,-9999.00000,-9999.00000,-9999.00000,-9999.00000
49UP19980916,19981106,0555,27.04950,143.12400,4080.50000,4015.00000,1.47630,1.14923,34.68080,-9999.00000,-9999.00000,-9999.00000,-9999.00000,-9999.00000,-9999.00000,-9999.00000,-9999.00000
49UP19980916,19981106,0555,27.04950,143.12400,4081.90000,4016.00000,1.47630,1.14908,34.68060,-9999.00000,-9999.00000,-9999.00000,-9999.00000,-9999.00000,-9999.00000,-9999.00000,-9999.00000
49UP19980916,19981106,0418,27.04950,143.12400,5919.70000,5801.00000,1.60580,1.05043,34.69040,-9999.00000,-9999.00000,-9999.00000,-9999.00000,-9999.00000,-9999.00000,-9999.00000,-9999.00000
49UP19980916,19981106,0417,27.04950,143.12400,5920.10000,5801.00000,1.60520,1.04980,34.69000,-9999.00000,-9999.00000,-9999.00000,-9999.00000,-9999.00000,-9999.00000,-9999.00000,-9999.00000
49UP19980916,19981106,0418,27.04950,143.12400,5920.20000,5801.00000,1.60440,1.04902,34.69040,-9999.00000,-9999.00000,-9999.00000,-9999.00000,-9999.00000,-9999.00000,-9999.00000,-9999.00000
49UP19980916,19981106,0417,27.04950,143.12400,5921.00000,5802.00000,1.60520,1.04969,34.68860,-9999.00000,-9999.00000,-9999.00000,-9999.00000,-9999.00000,-9999.00000,-9999.00000,-9999.00000
49UP19980916,19981106,0416,27.04950,143.12400,5921.10000,5802.00000,1.60670,1.05111,34.69060,-9999.00000,-9999.00000,-9999.00000,-9999.00000,-9999.00000,-9999.00000,-9999.00000,-9999.00000
49UP19980916,19981106,0416,27.04950,143.12400,5921.10000,5802.00000,1.60530,1.04976,34.69060,-9999.00000,-9999.00000,-9999.00000,-9999.00000,-9999.00000,-9999.00000,-9999.00000,-9999.00000
49UP19980916,19981106,0415,27.04950,143.12400,5921.70000,5803.00000,1.60460,1.04901,34.69040,-9999.00000,-9999.00000,-9999.00000,-9999.00000,-9999.00000,-9999.00000,-9999.00000,-9999.00000
49UP19980916,19981106,0415,27.04950,143.12400,5922.80000,5804.00000,1.60440,1.04865,34.69220,-9999.00000,-9999.00000,-9999.00000,-9999.00000,-9999.00000,-9999.00000,-9999.00000,-9999.00000
49UP19980916,19981106,0414,27.04950,143.12400,5923.40000,5805.00000,1.60290,1.04708,34.69770,-9999.00000,-9999.00000,-9999.00000,-9999.00000,-9999.00000,-9999.00000,-9999.00000,-9999.00000
49UP19980916,19981108,0011,29.89330,143.04100,24.30000,24.00000,26.24090,26.23550,34.52430,-9999.00000,-9999.00000,-9999.00000,-9999.00000,-9999.00000,-9999.00000,-9999.00000,-9999.00000
49UP19980916,19981108,0011,29.89330,143.04100,24.40000,24.00000,26.24570,26.24020,34.51770,-9999.00000,-9999.00000,-9999.00000,-9999.00000,-9999.00000,-9999.00000,-9999.00000,-9999.00000
49UP19980916,19981108,0008,29.89330,143.04100,96.80000,96.00000,19.96690,19.94910,34.83680,-9999.00000,-9999.00000,-9999.00000,-9999.00000,-9999.00000,-9999.00000,-9999.00000,-9999.00000
49UP19980916,19981108,0008,29.89330,143.04100,98.00000,97.00000,20.10940,20.09130,34.79060,-9999.00000,-9999.00000,-9999.00000,-9999.00000,-9999.00000,-9999.00000,-9999.00000,-9999.00000
49UP19980916,19981108,0006,29.89330,143.04100,150.30000,149.00000,18.47390,18.44770,34.83400,-9999.00000,-9999.00000,-9999.00000,-9999.00000,-9999.00000,-9999.00000,-9999.00000,-9999.00000
49UP19980916,19981108,0006,29.89330,143.04100,150.70000,150.00000,18.49000,18.46370,34.81840,-9999.00000,-9999.00000,-9999.00000,-9999.00000,-9999.00000,-9999.00000,-9999.00000,-9999.00000
49UP19980916,19981108,0004,29.89330,143.04100,198.20000,197.00000,17.89170,17.85780,34.80930,-9999.00000,-9999.00000,-9999.00000,-9999.00000,-9999.00000,-9999.00000,-9999.00000,-9999.00000
49UP19980916,19981108,0003,29.89330,143.04100,199.20000,198.00000,17.88840,17.85440,34.81320,-9999.00000,-9999.00000,-9999.00000,-9999.00000,-9999.00000,-9999.00000,-9999.00000,-9999.00000
49UP19980916,19981108,0000,29.89330,143.04100,299.90000,298.00000,16.51610,16.46750,34.75420,-9999.00000,-9999.00000,-9999.00000,-9999.00000,-9999.00000,-9999.00000,-9999.00000,-9999.00000
49UP19980916,19981108,0001,29.89330,143.04100,300.50000,298.00000,16.52580,16.47710,34.74780,-9999.00000,-9999.00000,-9999.00000,-9999.00000,-9999.00000,-9999.00000,-9999.00000,-9999.00000
49UP19980916,19981108,2357,29.89330,143.04100,403.10000,400.00000,14.12190,14.06310,34.58000,-9999.00000,-9999.00000,-9999.00000,-9999.00000,-9999.00000,-9999.00000,-9999.00000,-9999.00000
49UP19980916,19981108,2358,29.89330,143.04100,403.60000,400.00000,14.11840,14.05960,34.56890,-9999.00000,-9999.00000,-9999.00000,-9999.00000,-9999.00000,-9999.00000,-9999.00000,-9999.00000
49UP19980916,19981108,2354,29.89330,143.04100,502.80000,499.00000,11.50240,11.43820,34.38410,-9999.00000,-9999.00000,-9999.00000,-9999.00000,-9999.00000,-9999.00000,-9999.00000,-9999.00000
49UP19980916,19981108,2355,29.89330,143.04100,505.70000,502.00000,11.41790,11.35360,34.38240,-9999.00000,-9999.00000,-9999.00000,-9999.00000,-9999.00000,-9999.00000,-9999.00000,-9999.00000
49UP19980916,19981108,2348,29.89330,143.04100,731.30000,725.00000,5.97720,5.91271,34.10060,-9999.00000,-9999.00000,-9999.00000,-9999.00000,-9999.00000,-9999.00000,-9999.00000,-9999.00000
49UP19980916,19981108,2349,29.89330,143.04100,734.60000,728.00000,5.90430,5.83992,34.09440,-9999.00000,-9999.00000,-9999.00000,-9999.00000,-9999.00000,-9999.00000,-9999.00000,-9999.00000
49UP19980916,19981108,2342,29.89330,143.04100,1006.50000,997.00000,3.77670,3.70258,34.29340,-9999.00000,-9999.00000,-9999.00000,-9999.00000,-9999.00000,-9999.00000,-9999.00000,-9999.00000
49UP19980916,19981108,2342,29.89330,143.04100,1008.70000,999.00000,3.77890,3.70458,34.29420,-9999.00000,-9999.00000,-9999.00000,-9999.00000,-9999.00000,-9999.00000,-9999.00000,-9999.00000
49UP19980916,19981108,2322,29.89330,143.04100,2030.40000,2007.00000,1.98080,1.84221,34.59320,-9999.00000,-9999.00000,-9999.00000,-9999.00000,-9999.00000,-9999.00000,-9999.00000,-9999.00000
49UP19980916,19981108,2321,29.89330,143.04100,2030.70000,2007.00000,1.98040,1.84179,34.59380,-9999.00000,-9999.00000,-9999.00000,-9999.00000,-9999.00000,-9999.00000,-9999.00000,-9999.00000
49UP19980916,19981108,2320,29.89330,143.04100,2033.40000,2010.00000,1.97940,1.84057,34.59520,-9999.00000,-9999.00000,-9999.00000,-9999.00000,-9999.00000,-9999.00000,-9999.00000,-9999.00000
49UP19980916,19981108,2320,29.89330,143.04100,2035.30000,2012.00000,1.97850,1.83953,34.59460,-9999.00000,-9999.00000,-9999.00000,-9999.00000,-9999.00000,-9999.00000,-9999.00000,-9999.00000
49UP19980916,19981108,2319,29.89330,143.04100,2039.40000,2016.00000,1.97790,1.83859,34.59600,-9999.00000,-9999.00000,-9999.00000,-9999.00000,-9999.00000,-9999.00000,-9999.00000,-9999.00000
49UP19980916,19981108,2319,29.89330,143.04100,2042.90000,2019.00000,1.97090,1.83140,34.59620,-9999.00000,-9999.00000,-9999.00000,-9999.00000,-9999.00000,-9999.00000,-9999.00000,-9999.00000
49UP19980916,19981108,1506,32.45170,141.69300,0.00000,0.00000,24.74650,24.74650,34.42340,204.94500,-9999.00000,-9999.00000,-9999.00000,-9999.00000,-9999.00000,-9999.00000,-9999.00000
49UP19980916,19981108,1504,32.45170,141.69300,10.30000,10.00000,24.74910,24.74690,34.42520,204.65200,-9999.00000,-9999.00000,-9999.00000,-9999.00000,-9999.00000,-9999.00000,-9999.00000
49UP19980916,19981108,1502,32.45170,141.69300,25.50000,25.00000,24.74550,24.74000,34.42700,207.48000,-9999.00000,-9999.00000,-9999.00000,-9999.00000,-9999.00000,-9999.00000,-9999.00000
49UP19980916,19981108,1501,32.45170,141.69300,50.60000,50.00000,24.56080,24.55000,34.42610,206.11500,-9999.00000,-9999.00000,-9999.00000,-9999.00000,-9999.00000,-9999.00000,-9999.00000
49UP19980916,19981108,1500,32.45170,141.69300,75.60000,75.00000,22.74020,22.72490,34.70490,202.50800,-9999.00000,-9999.00000,-9999.00000,-9999.00000,-9999.00000,-9999.00000,-9999.00000
49UP19980916,19981108,1458,32.45170,141.69300,99.30000,99.00000,20.09340,20.07500,34.83720,202.60500,-9999.00000,-9999.00000,-9999.00000,-9999.00000,-9999.00000,-9999.00000,-9999.00000
49UP19980916,19981108,1457,32.45170,141.69300,123.40000,123.00000,19.51820,19.49580,34.83380,202.70200,-9999.00000,-9999.00000,-9999.00000,-9999.00000,-9999.00000,-9999.00000,-9999.00000
49UP19980916,19981108,1456,32.45170,141.69300,150.30000,149.00000,19.10070,19.07380,34.82690,200.85000,-9999.00000,-9999.00000,-9999.00000,-9999.00000,-9999.00000,-9999.00000,-9999.00000
49UP19980916,19981108,1454,32.45170,141.69300,202.40000,201.00000,18.09530,18.06040,34.82170,196.46200,-9999.00000,-9999.00000,-9999.00000,-9999.00000,-9999.00000,-9999.00000,-9999.00000
49UP19980916,19981108,1452,32.45170,141.69300,251.60000,250.00000,17.61490,17.57230,34.81000,189.15000,-9999.00000,-9999.00000,-9999.00000,-9999.00000,-9999.00000,-9999.00000,-9999.00000
49UP19980916,19981108,1450,32.45170,141.69300,300.30000,298.00000,17.06700,17.01720,34.78550,191.78300,-9999.00000,-9999.00000,-9999.00000,-9999.00000,-9999.00000,-9999.00000,-9999.00000
49UP19980916,19981108,1447,32.45170,141.69300,401.00000,398.00000,15.77470,15.71160,34.69130,185.73800,-9999.00000,-9999.00000,-9999.00000,-9999.00000,-9999.00000,-9999.00000,-9999.00000
49UP19980916,19981108,1445,32.45170,141.69300,502.50000,498.00000,13.41270,13.34160,34.56200,176.08500,-9999.00000,-9999.00000,-9999.00000,-9999.00000,-9999.00000,-9999.00000,-9999.00000
49UP19980916,19981108,1427,32.45170,141.69300,603.60000,598.00000,9.09180,9.02493,34.26230,141.18000,-9999.00000,-9999.00000,-9999.00000,-9999.00000,-9999.00000,-9999.00000,-9999.00000
49UP19980916,19981108,1424,32.45170,141.69300,704.70000,699.00000,6.19940,6.13617,34.12690,122.26500,-9999.00000,-9999.00000,-9999.00000,-9999.00000,-9999.00000,-9999.00000,-9999.00000
49UP19980916,19981108,1422,32.45170,141.69300,805.90000,799.00000,5.12730,5.06093,34.17600,87.26250,-9999.00000,-9999.00000,-9999.00000,-9999.00000,-9999.00000,-9999.00000,-9999.00000
49UP19980916,19981108,1418,32.45170,141.69300,907.70000,899.00000,4.35280,4.28267,34.23930,65.61750,-9999.00000,-9999.00000,-9999.00000,-9999.00000,-9999.00000,-9999.00000,-9999.00000
49UP19980916,19981108,1416,32.45170,141.69300,1007.40000,998.00000,3.81100,3.73655,34.28500,54.11250,-9999.00000,-9999.00000,-9999.00000,-9999.00000,-9999.00000,-9999.00000,-9999.00000
49UP19980916,19981108,1409,32.45170,141.69300,1259.90000,1247.00000,3.03760,2.94935,34.40110,44.46000,-9999.00000,-9999.00000,-9999.00000,-9999.00000,-9999.00000,-9999.00000,-9999.00000
49UP19980916,19981108,1403,32.45170,141.69300,1512.00000,1496.00000,2.53690,2.43364,34.49150,48.06750,-9999.00000,-9999.00000,-9999.00000,-9999.00000,-9999.00000,-9999.00000,-9999.00000
49UP19980916,19981108,1358,32.45170,141.69300,1768.50000,1749.00000,2.20480,2.08480,34.55470,64.74000,-9999.00000,-9999.00000,-9999.00000,-9999.00000,-9999.00000,-9999.00000,-9999.00000
49UP19980916,19981108,1352,32.45170,141.69300,2046.00000,2022.00000,1.96840,1.82868,34.59580,82.38750,-9999.00000,-9999.00000,-9999.00000,-9999.00000,-9999.00000,-9999.00000,-9999.00000
49UP19980916,19981108,1847,32.74470,141.54600,0.00000,0.00000,24.75040,24.75040,34.41670,205.23800,-9999.00000,-9999.00000,-9999.00000,-9999.00000,-9999.00000,-9999.00000,-9999.00000
49UP19980916,19981108,1845,32.74470,141.54600,9.50000,9.00000,24.76460,24.76260,34.41750,205.53000,-9999.00000,-9999.00000,-9999.00000,-9999.00000,-9999.00000,-9999.00000,-9999.00000
49UP19980916,19981108,1844,32.74470,141.54600,23.90000,24.00000,24.77480,24.76970,34.41970,206.89500,-9999.00000,-9999.00000,-9999.00000,-9999.00000,-9999.00000,-9999.00000,-9999.00000
49UP19980916,19981108,1843,32.74470,141.54600,49.80000,49.00000,24.77570,24.76500,34.42300,205.04200,-9999.00000,-9999.00000,-9999.00000,-9999.00000,-9999.00000,-9999.00000,-9999.00000
49UP19980916,19981108,1842,32.74470,141.54600,74.10000,74.00000,24.28220,24.26650,34.61030,195.97500,-9999.00000,-9999.00000,-9999.00000,-9999.00000,-9999.00000,-9999.00000,-9999.00000
49UP19980916,19981108,1840,32.74470,141.54600,101.20000,100.00000,22.12520,22.10510,34.77500,187.49200,-9999.00000,-9999.00000,-9999.00000,-9999.00000,-9999.00000,-9999.00000,-9999.00000
49UP19980916,19981108,1839,32.74470,141.54600,125.70000,125.00000,21.07300,21.04890,34.82110,183.78800,-9999.00000,-9999.00000,-9999.00000,-9999.00000,-9999.00000,-9999.00000,-9999.00000
49UP19980916,19981108,1838,32.74470,141.54600,150.00000,149.00000,19.64740,19.62010,34.78630,182.42300,-9999.00000,-9999.00000,-9999.00000,-9999.00000,-9999.00000,-9999.00000,-9999.00000
49UP19980916,19981108,1836,32.74470,141.54600,202.00000,201.00000,18.55970,18.52430,34.83380,189.44300,-9999.00000,-9999.00000,-9999.00000,-9999.00000,-9999.00000,-9999.00000,-9999.00000
49UP19980916,19981108,1834,32.74470,141.54600,251.80000,250.00000,17.61980,17.57720,34.81550,191.58700,-9999.00000,-9999.00000,-9999.00000,-9999.00000,-9999.00000,-9999.00000,-9999.00000
49UP19980916,19981108,1832,32.74470,141.54600,302.70000,300.00000,16.68890,16.63950,34.78060,191.10000,-9999.00000,-9999.00000,-9999.00000,-9999.00000,-9999.00000,-9999.00000,-9999.00000
49UP19980916,19981108,1830,32.74470,141.54600,401.30000,398.00000,13.81230,13.75460,34.55230,179.20500,-9999.00000,-9999.00000,-9999.00000,-9999.00000,-9999.00000,-9999.00000,-9999.00000
49UP19980916,19981108,1827,32.74470,141.54600,504.80000,501.00000,12.02440,11.95800,34.43800,160.38700,-9999.00000,-9999.00000,-9999.00000,-9999.00000,-9999.00000,-9999.00000,-9999.00000
49UP19980916,19981108,1823,32.74470,141.54600,603.80000,599.00000,7.27560,7.21701,34.05480,160.68000,-9999.00000,-9999.00000,-9999.00000,-9999.00000,-9999.00000,-9999.00000,-9999.00000
49UP19980916,19981108,1820,32.74470,141.54600,707.30000,701.00000,6.01040,5.94798,34.08610,116.22000,-9999.00000,-9999.00000,-9999.00000,-9999.00000,-9999.00000,-9999.00000,-9999.00000
49UP19980916,19981108,1817,32.74470,141.54600,805.60000,798.00000,4.74850,4.68449,34.18300,76.05000,-9999.00000,-9999.00000,-9999.00000,-9999.00000,-9999.00000,-9999.00000,-9999.00000
49UP19980916,19981108,1813,32.74470,141.54600,906.30000,898.00000,4.06240,3.99441,34.24690,58.01250,-9999.00000,-9999.00000,-9999.00000,-9999.00000,-9999.00000,-9999.00000,-9999.00000
49UP19980916,19981108,1811,32.74470,141.54600,1008.30000,999.00000,3.62690,3.55377,34.31490,48.75000,-9999.00000,-9999.00000,-9999.00000,-9999.00000,-9999.00000,-9999.00000,-9999.00000
49UP19980916,19981108,1802,32.74470,141.54600,1261.70000,1249.00000,2.91980,2.83250,34.42560,44.75250,-9999.00000,-9999.00000,-9999.00000,-9999.00000,-9999.00000,-9999.00000,-9999.00000
49UP19980916,19981108,1756,32.74470,141.54600,1513.70000,1498.00000,2.45120,2.34877,34.50430,48.84750,-9999.00000,-9999.00000,-9999.00000,-9999.00000,-9999.00000,-9999.00000,-9999.00000
49UP19980916,19981108,1750,32.74470,141.54600,1766.70000,1747.00000,2.20270,2.08286,34.55910,67.47000,-9999.00000,-9999.00000,-9999.00000,-9999.00000,-9999.00000,-9999.00000,-9999.00000
49UP19980916,19981108,1742,32.74470,141.54600,2039.20000,2015.00000,1.94270,1.80394,34.59740,82.38750,-9999.00000,-9999.00000,-9999.00000,-9999.00000,-9999.00000,-9999.00000,-9999.00000
49UP19980916,19981108,2234,33.04850,141.38800,50.20000,50.00000,25.49310,25.48210,34.46720,-9999.00000,-9999.00000,-9999.00000,-9999.00000,-9999.00000,-9999.00000,-9999.00000,-9999.00000
49UP19980916,19981108,2235,33.04850,141.38800,51.30000,51.00000,25.47870,25.46750,34.46290,-9999.00000,-9999.00000,-9999.00000,-9999.00000,-9999.00000,-9999.00000,-9999.00000,-9999.00000
49UP19980916,19981108,2232,33.04850,141.38800,100.30000,100.00000,23.17880,23.15820,34.73410,-9999.00000,-9999.00000,-9999.00000,-9999.00000,-9999.00000,-9999.00000,-9999.00000,-9999.00000
49UP19980916,19981108,2233,33.04850,141.38800,101.50000,101.00000,23.23120,23.21040,34.72520,-9999.00000,-9999.00000,-9999.00000,-9999.00000,-9999.00000,-9999.00000,-9999.00000,-9999.00000
49UP19980916,19981108,2230,33.04850,141.38800,150.40000,149.00000,20.24250,20.21450,34.77260,-9999.00000,-9999.00000,-9999.00000,-9999.00000,-9999.00000,-9999.00000,-9999.00000,-9999.00000
49UP19980916,19981108,2230,33.04850,141.38800,152.80000,152.00000,20.19890,20.17050,34.77470,-9999.00000,-9999.00000,-9999.00000,-9999.00000,-9999.00000,-9999.00000,-9999.00000,-9999.00000
49UP19980916,19981108,2228,33.04850,141.38800,200.30000,199.00000,16.20540,16.17350,34.68570,-9999.00000,-9999.00000,-9999.00000,-9999.00000,-9999.00000,-9999.00000,-9999.00000,-9999.00000
49UP19980916,19981108,2228,33.04850,141.38800,200.80000,199.00000,16.19260,16.16060,34.68990,-9999.00000,-9999.00000,-9999.00000,-9999.00000,-9999.00000,-9999.00000,-9999.00000,-9999.00000
49UP19980916,19981108,2223,33.04850,141.38800,302.70000,300.00000,13.51390,13.47120,34.52680,-9999.00000,-9999.00000,-9999.00000,-9999.00000,-9999.00000,-9999.00000,-9999.00000,-9999.00000
49UP19980916,19981108,2224,33.04850,141.38800,303.30000,301.00000,13.50780,13.46500,34.51870,-9999.00000,-9999.00000,-9999.00000,-9999.00000,-9999.00000,-9999.00000,-9999.00000,-9999.00000
49UP19980916,19981108,2220,33.04850,141.38800,402.70000,400.00000,11.10520,11.05510,34.38450,-9999.00000,-9999.00000,-9999.00000,-9999.00000,-9999.00000,-9999.00000,-9999.00000,-9999.00000
49UP19980916,19981108,2221,33.04850,141.38800,406.30000,403.00000,11.02690,10.97660,34.37340,-9999.00000,-9999.00000,-9999.00000,-9999.00000,-9999.00000,-9999.00000,-9999.00000,-9999.00000
49UP19980916,19981108,2216,33.04850,141.38800,497.20000,493.00000,8.51690,8.46425,34.25540,-9999.00000,-9999.00000,-9999.00000,-9999.00000,-9999.00000,-9999.00000,-9999.00000,-9999.00000
49UP19980916,19981108,2216,33.04850,141.38800,499.50000,495.00000,8.42710,8.37454,34.24910,-9999.00000,-9999.00000,-9999.00000,-9999.00000,-9999.00000,-9999.00000,-9999.00000,-9999.00000
49UP19980916,19981108,2206,33.04850,141.38800,706.50000,700.00000,5.10450,5.04696,34.16230,-9999.00000,-9999.00000,-9999.00000,-9999.00000,-9999.00000,-9999.00000,-9999.00000,-9999.00000
49UP19980916,19981108,2206,33.04850,141.38800,713.60000,707.00000,5.01760,4.95993,34.15660,-9999.00000,-9999.00000,-9999.00000,-9999.00000,-9999.00000,-9999.00000,-9999.00000,-9999.00000
49UP19980916,19981108,2155,33.04850,141.38800,1009.20000,1000.00000,3.38540,3.31403,34.34840,-9999.00000,-9999.00000,-9999.00000,-9999.00000,-9999.00000,-9999.00000,-9999.00000,-9999.00000
49UP19980916,19981108,2155,33.04850,141.38800,1010.30000,1001.00000,3.38820,3.31672,34.34790,-9999.00000,-9999.00000,-9999.00000,-9999.00000,-9999.00000,-9999.00000,-9999.00000,-9999.00000
49UP19980916,19981108,2128,33.04850,141.38800,2021.10000,1997.00000,1.91870,1.78183,34.59750,-9999.00000,-9999.00000,-9999.00000,-9999.00000,-9999.00000,-9999.00000,-9999.00000,-9999.00000
49UP19980916,19981108,2127,33.04850,141.38800,2024.40000,2000.00000,1.91740,1.78027,34.59790,-9999.00000,-9999.00000,-9999.00000,-9999.00000,-9999.00000,-9999.00000,-9999.00000,-9999.00000
49UP19980916,19981108,2127,33.04850,141.38800,2026.40000,2002.00000,1.91680,1.77951,34.59890,-9999.00000,-9999.00000,-9999.00000,-9999.00000,-9999.00000,-9999.00000,-9999.00000,-9999.00000
49UP19980916,19981108,2127,33.04850,141.38800,2027.70000,2004.00000,1.91800,1.78059,34.59830,-9999.00000,-9999.00000,-9999.00000,-9999.00000,-9999.00000,-9999.00000,-9999.00000,-9999.00000
49UP19980916,19981108,2126,33.04850,141.38800,2031.00000,2007.00000,1.91860,1.78090,34.59990,-9999.00000,-9999.00000,-9999.00000,-9999.00000,-9999.00000,-9999.00000,-9999.00000,-9999.00000
49UP19980916,19981108,2125,33.04850,141.38800,2032.50000,2008.00000,1.91440,1.77663,34.60110,-9999.00000,-9999.00000,-9999.00000,-9999.00000,-9999.00000,-9999.00000,-9999.00000,-9999.00000
49UP19980916,19981109,1003,33.60950,141.45600,0.00000,0.00000,24.83590,24.83590,34.23660,206.01800,0.24000,1.74070,0.07000,-9999.00000,-9999.00000,-9999.00000,-9999.00000
49UP19980916,19981109,1001,33.60950,141.45600,12.40000,12.00000,24.84090,24.83820,34.23950,205.14000,0.00000,1.82310,0.03000,-9999.00000,-9999.00000,-9999.00000,-9999.00000
49UP19980916,19981109,0959,33.60950,141.45600,27.60000,27.00000,24.84360,24.83770,34.24150,207.77300,0.03000,1.75100,0.02000,-9999.00000,-9999.00000,-9999.00000,-9999.00000
49UP19980916,19981109,0958,33.60950,141.45600,51.50000,51.00000,24.86160,24.85050,34.24870,204.84800,0.03000,1.72010,0.02000,-9999.00000,-9999.00000,-9999.00000,-9999.00000
49UP19980916,19981109,0957,33.60950,141.45600,76.10000,76.00000,24.87510,24.85870,34.25590,204.84800,0.03000,1.79220,0.01000,-9999.00000,-9999.00000,-9999.00000,-9999.00000
49UP19980916,19981109,0955,33.60950,141.45600,99.30000,99.00000,24.51820,24.49700,34.34520,204.75000,0.09000,1.88490,0.03000,-9999.00000,-9999.00000,-9999.00000,-9999.00000
49UP19980916,19981109,0954,33.60950,141.45600,127.00000,126.00000,17.49490,17.47360,34.53530,190.51500,6.21000,7.77650,0.43000,-9999.00000,-9999.00000,-9999.00000,-9999.00000
49UP19980916,19981109,0953,33.60950,141.45600,152.40000,151.00000,16.45170,16.42720,34.59520,183.98200,8.62000,10.49570,0.58000,-9999.00000,-9999.00000,-9999.00000,-9999.00000
49UP19980916,19981109,0951,33.60950,141.45600,202.10000,201.00000,13.91060,13.88160,34.51910,174.91500,13.19000,18.24130,0.91000,-9999.00000,-9999.00000,-9999.00000,-9999.00000
49UP19980916,19981109,0949,33.60950,141.45600,252.00000,250.00000,12.26080,12.22760,34.43550,163.21500,16.49000,24.35950,1.14000,-9999.00000,-9999.00000,-9999.00000,-9999.00000
49UP19980916,19981109,0947,33.60950,141.45600,303.20000,301.00000,10.69910,10.66250,34.30630,169.55300,18.54000,30.07600,1.31000,-9999.00000,-9999.00000,-9999.00000,-9999.00000
49UP19980916,19981109,0945,33.60950,141.45600,405.30000,402.00000,8.01550,7.97439,34.15560,153.46500,24.77000,46.93710,1.75000,-9999.00000,-9999.00000,-9999.00000,-9999.00000
49UP19980916,19981109,0942,33.60950,141.45600,504.60000,500.00000,6.60290,6.55675,34.16350,119.24300,30.50000,65.96120,2.19000,-9999.00000,-9999.00000,-9999.00000,-9999.00000
49UP19980916,19981109,0939,33.60950,141.45600,605.70000,600.00000,5.37400,5.32381,34.21130,86.58000,35.25000,86.70540,2.55000,-9999.00000,-9999.00000,-9999.00000,-9999.00000
49UP19980916,19981109,0936,33.60950,141.45600,706.60000,700.00000,4.47960,4.42539,34.22560,-9999.00000,-9999.00000,-9999.00000,-9999.00000,-9999.00000,-9999.00000,-9999.00000,-9999.00000
49UP19980916,19981109,0934,33.60950,141.45600,805.90000,799.00000,3.99960,3.94011,34.27710,65.24970,38.56790,109.72200,2.80116,-9999.00000,-9999.00000,-9999.00000,-9999.00000
49UP19980916,19981109,0931,33.60950,141.45600,908.60000,900.00000,3.68570,3.62003,34.34110,54.30750,40.27000,121.53000,2.93000,-9999.00000,-9999.00000,-9999.00000,-9999.00000
49UP19980916,19981109,0928,33.60950,141.45600,1010.00000,1000.00000,3.31020,3.23929,34.38820,51.56580,40.87180,130.69000,2.96870,-9999.00000,-9999.00000,-9999.00000,-9999.00000
49UP19980916,19981109,0928,33.60950,141.45600,1013.80000,1004.00000,3.31160,3.24039,34.38130,51.48000,40.89000,130.99500,2.97000,-9999.00000,-9999.00000,-9999.00000,-9999.00000
49UP19980916,19981109,0922,33.60950,141.45600,1262.70000,1250.00000,2.68340,2.59826,34.46220,46.50750,41.95000,147.63000,3.05000,-9999.00000,-9999.00000,-9999.00000,-9999.00000
49UP19980916,19981109,0915,33.60950,141.45600,1515.50000,1499.00000,2.32820,2.22701,34.52540,51.96750,41.97000,156.57000,3.03000,-9999.00000,-9999.00000,-9999.00000,-9999.00000
49UP19980916,19981109,0910,33.60950,141.45600,1770.50000,1751.00000,2.06340,1.94510,34.57200,67.37250,41.22000,160.06200,2.95000,-9999.00000,-9999.00000,-9999.00000,-9999.00000
49UP19980916,19981109,0904,33.60950,141.45600,2022.60000,1999.00000,1.88900,1.75244,34.60400,85.31250,40.10000,159.19700,2.86000,-9999.00000,-9999.00000,-9999.00000,-9999.00000
49UP19980916,19981109,0859,33.60950,141.45600,2278.00000,2250.00000,1.75490,1.59878,34.62630,100.03500,39.33000,158.35200,2.79000,-9999.00000,-9999.00000,-9999.00000,-9999.00000
49UP19980916,19981109,0852,33.60950,141.45600,2530.00000,2497.00000,1.64010,1.46386,34.64570,114.56200,38.45000,156.73500,2.72000,-9999.00000,-9999.00000,-9999.00000,-9999.00000
49UP19980916,19981109,1412,33.85130,141.19900,0.00000,0.00000,25.16420,25.16420,34.40600,-9999.00000,-9999.00000,-9999.00000,-9999.00000,-9999.00000,-9999.00000,-9999.00000,-9999.00000
49UP19980916,19981109,1410,33.85130,141.19900,14.90000,15.00000,25.16720,25.16400,34.41000,-9999.00000,-9999.00000,-9999.00000,-9999.00000,-9999.00000,-9999.00000,-9999.00000,-9999.00000
49UP19980916,19981109,1408,33.85130,141.19900,25.30000,25.00000,25.16050,25.15500,34.41060,-9999.00000,-9999.00000,-9999.00000,-9999.00000,-9999.00000,-9999.00000,-9999.00000,-9999.00000
49UP19980916,19981109,1407,33.85130,141.19900,50.00000,50.00000,25.15650,25.14560,34.41240,-9999.00000,-9999.00000,-9999.00000,-9999.00000,-9999.00000,-9999.00000,-9999.00000,-9999.00000
49UP19980916,19981109,1406,33.85130,141.19900,72.30000,72.00000,25.02000,25.00440,34.40510,-9999.00000,-9999.00000,-9999.00000,-9999.00000,-9999.00000,-9999.00000,-9999.00000,-9999.00000
49UP19980916,19981109,1404,33.85130,141.19900,100.80000,100.00000,22.19410,22.17410,34.65970,201.33700,-9999.00000,-9999.00000,-9999.00000,-9999.00000,-9999.00000,-9999.00000,-9999.00000
49UP19980916,19981109,1403,33.85130,141.19900,126.20000,125.00000,20.24050,20.21700,34.77900,191.39300,-9999.00000,-9999.00000,-9999.00000,-9999.00000,-9999.00000,-9999.00000,-9999.00000
49UP19980916,19981109,1401,33.85130,141.19900,149.70000,149.00000,19.07930,19.05260,34.77260,187.88300,-9999.00000,-9999.00000,-9999.00000,-9999.00000,-9999.00000,-9999.00000,-9999.00000
49UP19980916,19981109,1359,33.85130,141.19900,201.90000,200.00000,17.33310,17.29940,34.78560,183.88500,-9999.00000,-9999.00000,-9999.00000,-9999.00000,-9999.00000,-9999.00000,-9999.00000
49UP19980916,19981109,1357,33.85130,141.19900,251.00000,249.00000,15.79510,15.75580,34.66880,181.74000,-9999.00000,-9999.00000,-9999.00000,-9999.00000,-9999.00000,-9999.00000,-9999.00000
49UP19980916,19981109,1353,33.85130,141.19900,299.40000,297.00000,13.95310,13.90990,34.56480,177.06000,-9999.00000,-9999.00000,-9999.00000,-9999.00000,-9999.00000,-9999.00000,-9999.00000
49UP19980916,19981109,1351,33.85130,141.19900,401.20000,398.00000,10.68610,10.63740,34.33550,159.99700,-9999.00000,-9999.00000,-9999.00000,-9999.00000,-9999.00000,-9999.00000,-9999.00000
49UP19980916,19981109,1348,33.85130,141.19900,504.00000,500.00000,7.59320,7.54336,34.14130,144.30000,-9999.00000,-9999.00000,-9999.00000,-9999.00000,-9999.00000,-9999.00000,-9999.00000
49UP19980916,19981109,1345,33.85130,141.19900,602.30000,597.00000,5.82820,5.77628,34.13900,111.53900,-9999.00000,-9999.00000,-9999.00000,-9999.00000,-9999.00000,-9999.00000,-9999.00000
49UP19980916,19981109,1342,33.85130,141.19900,703.10000,697.00000,4.70200,4.64694,34.16000,78.19500,-9999.00000,-9999.00000,-9999.00000,-9999.00000,-9999.00000,-9999.00000,-9999.00000
49UP19980916,19981109,1339,33.85130,141.19900,805.00000,798.00000,4.34360,4.28204,34.26840,65.52000,-9999.00000,-9999.00000,-9999.00000,-9999.00000,-9999.00000,-9999.00000,-9999.00000
49UP19980916,19981109,1336,33.85130,141.19900,905.80000,897.00000,3.79610,3.72991,34.32270,56.16000,-9999.00000,-9999.00000,-9999.00000,-9999.00000,-9999.00000,-9999.00000,-9999.00000
49UP19980916,19981109,1333,33.85130,141.19900,1007.30000,998.00000,3.35190,3.28092,34.35840,46.89750,-9999.00000,-9999.00000,-9999.00000,-9999.00000,-9999.00000,-9999.00000,-9999.00000
49UP19980916,19981109,1328,33.85130,141.19900,1259.10000,1246.00000,2.73230,2.64696,34.46200,45.53250,-9999.00000,-9999.00000,-9999.00000,-9999.00000,-9999.00000,-9999.00000,-9999.00000
49UP19980916,19981109,1320,33.85130,141.19900,1512.00000,1496.00000,2.35650,2.25527,34.52150,50.99250,-9999.00000,-9999.00000,-9999.00000,-9999.00000,-9999.00000,-9999.00000,-9999.00000
49UP19980916,19981109,1309,33.85130,141.19900,1766.50000,1747.00000,2.14570,2.02663,34.56550,67.76250,-9999.00000,-9999.00000,-9999.00000,-9999.00000,-9999.00000,-9999.00000,-9999.00000
49UP19980916,19981109,1305,33.85130,141.19900,2018.80000,1995.00000,1.91240,1.77580,34.60370,84.72750,-9999.00000,-9999.00000,-9999.00000,-9999.00000,-9999.00000,-9999.00000,-9999.00000
49UP19980916,19981109,1300,33.85130,141.19900,2273.40000,2245.00000,1.76550,1.60959,34.62820,99.54750,-9999.00000,-9999.00000,-9999.00000,-9999.00000,-9999.00000,-9999.00000,-9999.00000
49UP19980916,19981109,1255,33.85130,141.19900,2548.30000,2515.00000,1.66060,1.48234,34.64510,112.02700,-9999.00000,-9999.00000,-9999.00000,-9999.00000,-9999.00000,-9999.00000,-9999.00000
49UP19980916,19981110,0023,34.94920,140.22800,0.00000,0.00000,21.82200,21.82200,34.38400,207.28500,3.01000,6.42720,0.25000,-9999.00000,-9999.00000,-9999.00000,-9999.00000
49UP19980916,19981110,0020,34.94920,140.22800,10.80000,11.00000,21.81090,21.80880,34.38910,204.94500,2.93000,6.37570,0.24000,-9999.00000,-9999.00000,-9999.00000,-9999.00000
49UP19980916,19981110,0019,34.94920,140.22800,26.00000,26.00000,21.82200,21.81690,34.38990,208.65000,2.92000,6.31390,0.24000,-9999.00000,-9999.00000,-9999.00000,-9999.00000
49UP19980916,19981110,0018,34.94920,140.22800,50.50000,50.00000,20.31800,20.30860,34.38580,185.93200,5.95000,9.55840,0.42000,-9999.00000,-9999.00000,-9999.00000,-9999.00000
49UP19980916,19981110,0016,34.94920,140.22800,74.70000,74.00000,17.29720,17.28480,34.61780,176.08500,9.21000,12.89560,0.63000,-9999.00000,-9999.00000,-9999.00000,-9999.00000
49UP19980916,19981110,0014,34.94920,140.22800,100.30000,100.00000,16.66340,16.64720,34.64870,172.57500,10.00000,13.67840,0.69000,-9999.00000,-9999.00000,-9999.00000,-9999.00000
49UP19980916,19981110,0013,34.94920,140.22800,125.50000,125.00000,14.90270,14.88390,34.60150,166.53000,12.76000,18.59150,0.88000,-9999.00000,-9999.00000,-9999.00000,-9999.00000
49UP19980916,19981110,0011,34.94920,140.22800,150.50000,149.00000,14.01710,13.99550,34.51740,157.85200,15.25000,24.10200,1.05000,-9999.00000,-9999.00000,-9999.00000,-9999.00000
49UP19980916,19981110,0010,34.94920,140.22800,200.90000,199.00000,11.29290,11.26790,34.41850,144.88500,20.56000,36.81220,1.44000,-9999.00000,-9999.00000,-9999.00000,-9999.00000
49UP19980916,19981110,0008,34.94920,140.22800,250.60000,249.00000,10.08290,10.05380,34.36430,136.20800,22.94000,42.79650,1.62000,-9999.00000,-9999.00000,-9999.00000,-9999.00000
49UP19980916,19981110,0006,34.94920,140.22800,301.10000,299.00000,9.28200,9.24874,34.33890,134.45200,24.63000,47.56540,1.73000,-9999.00000,-9999.00000,-9999.00000,-9999.00000
49UP19980916,19981110,0003,34.94920,140.22800,402.20000,399.00000,6.70720,6.67033,34.24630,108.32300,31.37000,71.52320,2.27000,-9999.00000,-9999.00000,-9999.00000,-9999.00000
49UP19980916,19981110,0001,34.94920,140.22800,502.50000,498.00000,5.30140,5.26039,34.24850,84.24000,35.71000,91.18590,2.60000,-9999.00000,-9999.00000,-9999.00000,-9999.00000
49UP19980916,19981110,2358,34.94920,140.22800,603.90000,599.00000,4.81090,4.76343,34.27660,73.80750,37.13000,99.49800,2.70000,-9999.00000,-9999.00000,-9999.00000,-9999.00000
49UP19980916,19981110,2356,34.94920,140.22800,703.40000,697.00000,4.24480,4.19204,34.31070,66.59250,38.71000,110.63200,2.82000,-9999.00000,-9999.00000,-9999.00000,-9999.00000
49UP19980916,19981110,2352,34.94920,140.22800,804.90000,798.00000,3.81360,3.75527,34.33690,58.50000,39.76000,119.19200,2.90000,-9999.00000,-9999.00000,-9999.00000,-9999.00000
49UP19980916,19981110,2338,34.94920,140.22800,906.20000,898.00000,3.39230,3.32887,34.35690,49.82250,40.90000,129.22400,2.99000,-9999.00000,-9999.00000,-9999.00000,-9999.00000
49UP19980916,19981110,2336,34.94920,140.22800,1007.20000,998.00000,3.16400,3.09446,34.38440,47.77500,41.31000,135.31100,3.02000,-9999.00000,-9999.00000,-9999.00000,-9999.00000
49UP19980916,19981110,2331,34.94920,140.22800,1259.10000,1246.00000,2.75050,2.66502,34.44490,45.92250,41.77000,146.48700,3.05000,-9999.00000,-9999.00000,-9999.00000,-9999.00000
49UP19980916,19981110,2324,34.94920,140.22800,1513.10000,1497.00000,2.43240,2.33024,34.50270,55.18500,41.60000,153.43900,3.02000,-9999.00000,-9999.00000,-9999.00000,-9999.00000
49UP19980916,19981110,2320,34.94920,140.22800,1766.70000,1747.00000,2.21650,2.09652,34.54290,64.25250,41.18000,157.16800,2.98000,-9999.00000,-9999.00000,-9999.00000,-9999.00000
49UP19980916,19981110,2314,34.94920,140.22800,2045.20000,2021.00000,1.93080,1.79174,34.59360,83.94750,40.13000,158.50700,2.87000,-9999.00000,-9999.00000,-9999.00000,-9999.00000
